2
5
6
7
8
11
12
13
14
15
16
18
19
20
22
23
24
25
28
29
30
35
37
38
39
41
42
43
45
46
47
48
49
50
51
54
56
58
59
60
61
62
63
64
65
66
67
68
69
70
71
72
73
74
75
76
77
78
82
84
87
88
89
90
91
92
93
94
96
97
98
99
100
101
102
105
107
108
109
111
113
115
116
117
118
121
122
125
127
128
130
131
132
135
137
140
141
142
144
145
146
147
149
150
153
154
155
157
158
160
164
167
168
170
172
173
174
176
178
179
181
182
186
187
189
190
191
192
194
197
200
202
204
206
207
208
209
210
211
212
214
217
218
221
222
224
227
229
233
235
236
237
238
239
240
241
242
243
246
251
252
253
255
256
257
259
261
262
264
265
266
267
268
269
270
271
274
276
277
278
279
280
281
282
283
285
288
289
290
292
293
297
298
299
300
301
302
304
306
307
308
314
315
317
318
319
320
322
324
328
329
330
331
332
333
336
339
340
342
343
346
348
351
353
354
355
359
362
363
364
366
367
368
370
373
374
375
381
382
384
385
387
388
389
390
392
393
394
395
396
397
398
399
400
402
403
404
405
407
408
410
411
412
413
415
416
417
419
420
422
423
424
426
427
430
433
434
435
437
438
444
445
448
450
451
452
453
455
456
457
459
460
464
465
466
467
469
470
472
473
474
476
477
483
484
485
486
487
489
490
491
494
495
496
497
499
501
504
507
508
510
511
513
515
516
518
520
522
523
526
527
528
529
530
531
533
534
535
536
537
538
540
541
542
544
545
546
547
548
550
551
553
554
555
556
558
562
563
564
566
567
569
570
571
573
577
579
581
582
584
585
587
590
591
593
594
597
600
602
603
604
605
607
608
609
610
611
612
613
615
617
618
621
624
625
628
633
634
635
638
639
640
641
644
650
651
655
657
658
659
660
661
662
663
664
665
667
669
672
675
676
678
682
683
687
688
689
691
692
694
696
697
698
701
702
704
706
708
710
711
713
715
718
721
723
724
726
727
728
730
732
733
735
736
737
738
739
740
741
743
744
745
746
748
749
751
757
760
761
762
763
764
765
766
770
771
774
777
780
781
782
783
784
786
787
789
790
791
793
795
796
799
802
804
805
807
810
811
812
813
815
816
817
818
821
822
823
825
826
827
829
831
832
833
835
837
838
839
840
841
842
843
844
846
847
848
849
850
853
857
858
860
861
865
868
872
873
875
876
877
879
881
882
884
885
887
889
890
891
892
893
894
895
897
899
900
902
905
907
910
913
914
915
917
919
920
921
922
924
926
928
929
931
933
935
937
939
940
942
943
946
948
950
951
952
953
954
956
957
958
959
961
962
966
970
973
975
976
979
980
981
982
983
985
986
988
989
990
993
994
996
997
998
1001
1002
1004
1005
1006
1008
1010
1012
1013
1014
1015
1018
1022
1023
1027
1028
1030
1031
1032
1033
1036
1037
1038
1039
1040
1042
1044
1045
1046
1047
1050
1051
1054
1058
1059
1060
1063
1064
1065
1066
1068
1069
1070
1071
1072
1073
1076
1077
1081
1086
1087
1088
1089
1090
1092
1093
1094
1096
1097
1099
1105
1106
1107
1108
1109
1111
1112
1113
1115
1117
1118
1119
1124
1125
1127
1128
1129
1131
1133
1134
1135
1136
1137
1139
1140
1141
1142
1145
1146
1148
1149
1150
1152
1153
1154
1155
1156
1158
1159
1160
1161
1162
1164
1166
1167
1168
1169
1172
1173
1175
1176
1178
1180
1181
1182
1185
1186
1187
1189
1191
1192
1193
1194
1200
1201
1204
1205
1208
1210
1211
1213
1214
1216
1220
1221
1222
1223
1226
1227
1230
1231
1232
1233
1234
1235
1236
1238
1240
1241
1242
1244
1246
1247
1249
1253
1254
1255
1258
1259
1261
1263
1267
1268
1272
1273
1277
1280
1285
1286
1288
1289
1290
1292
1293
1294
1298
1302
1304
1306
1307
1308
1309
1311
1312
1313
1314
1315
1317
1318
1319
1320
1322
1324
1325
1326
1327
1328
1329
1330
1332
1333
1335
1336
1338
1341
1343
1344
1345
1346
1348
1349
1350
1351
1353
1355
1356
1360
1361
1364
1366
1368
1369
1370
1371
1374
1375
1376
1377
1378
1379
1380
1384
1385
1386
1387
1388
1389
1390
1391
1392
1393
1394
1395
1397
1398
1399
1400
1404
1405
1406
1408
1409
1412
1413
1414
1417
1418
1419
1422
1423
1424
1426
1427
1428
1429
1430
1431
1432
1433
1434
1435
1436
1438
1439
1440
1441
1442
1444
1445
1446
1447
1450
1451
1452
1453
1454
1456
1457
1458
1459
1460
1463
1464
1465
1466
1467
1468
1469
1470
1471
1472
1474
1475
1476
1482
1483
1485
1486
1488
1489
1490
1491
1492
1496
1497
1498
1499
1502
1505
1506
1507
1509
1512
1513
1514
1515
1517
1518
1519
1520
1521
1522
1523
1524
1527
1528
1529
1533
1534
1535
1536
1537
1539
1540
1541
1542
1543
1545
1547
1548
1549
1550
1553
1555
1559
1561
1562
1563
1564
1565
1566
1567
1570
1571
1573
1574
1576
1581
1582
1583
1584
1587
1588
1590
1591
1597
1598
1600
1603
1604
1605
1607
1609
1610
1611
1613
1616
1619
1621
1622
1627
1628
1629
1630
1631
1632
1633
1635
1637
1639
1640
1643
1644
1646
1647
1648
1649
1650
1651
1654
1655
1657
1660
1661
1663
1665
1667
1668
1670
1671
1672
1675
1678
1679
1680
1681
1682
1683
1686
1687
1690
1691
1692
1694
1695
1696
1697
1698
1699
1700
1701
1703
1705
1706
1707
1708
1710
1711
1712
1713
1715
1716
1717
1718
1720
1721
1722
1724
1725
1726
1728
1729
1732
1733
1738
1740
1741
1742
1743
1744
1746
1747
1748
1750
1751
1752
1754
1755
1756
1758
1759
1760
1761
1762
1765
1766
1767
1768
1771
1772
1773
1775
1777
1780
1781
1782
1784
1785
1786
1788
1789
1790
1792
1793
1794
1795
1796
1797
1799
1800
1801
1802
1804
1805
1808
1811
1812
1813
1814
1815
1816
1818
1819
1820
1822
1823
1825
1826
1827
1828
1832
1833
1836
1837
1838
1839
1840
1841
1842
1843
1844
1845
1846
1848
1849
1850
1852
1854
1855
1856
1857
1858
1859
1860
1861
1863
1864
1865
1867
1868
1869
1871
1872
1874
1875
1876
1877
1878
1879
1880
1881
1885
1887
1890
1893
1895
1897
1901
1902
1903
1904
1905
1908
1910
1913
1915
1917
1918
1922
1923
1924
1925
1926
1927
1928
1930
1931
1932
1933
1934
1935
1937
1939
1943
1944
1945
1947
1950
1953
1954
1956
1958
1959
1960
1961
1962
1966
1967
1968
1969
1970
1973
1975
1977
1978
1979
1982
1983
1985
1986
1988
1989
1990
1991
1992
1993
1994
1997
1998
2000
2001
2002
2003
2005
2006
2008
2009
2011
2013
2015
2016
2017
2018
2020
2022
2023
2024
2025
2027
2029
2030
2031
2032
2033
2035
2036
2037
2039
2040
2041
2043
2045
2046
2048
2049
2051
2052
2053
2055
2056
2057
2059
2063
2064
2065
2066
2067
2068
2069
2070
2071
2072
2073
2075
2077
2078
2080
2081
2082
2083
2084
2085
2086
2087
2088
2089
2091
2092
2093
2094
2095
2096
2100
2102
2104
2105
2106
2107
2111
2114
2117
2118
2119
2121
2125
2127
2128
2131
2133
2135
2136
2137
2139
2140
2141
2143
2145
2146
2147
2150
2152
2153
2156
2160
2161
2162
2165
2166
2167
2170
2171
2173
2176
2177
2178
2180
2181
2182
2183
2184
2185
2188
2189
2194
2197
2200
2202
2203
2204
2205
2207
2209
2210
2211
2212
2213
2214
2217
2218
2219
2221
2222
2226
2227
2228
2229
2230
2231
2232
2233
2234
2236
2239
2240
2242
2245
2246
2248
2249
2250
2251
2252
2253
2255
2257
2259
2262
2263
2264
2266
2268
2269
2271
2276
2277
2278
2279
2280
2282
2284
2286
2288
2289
2292
2295
2296
2301
2303
2304
2305
2306
2308
2309
2311
2312
2314
2316
2317
2319
2321
2322
2323
2324
2325
2326
2330
2331
2332
2333
2334
2335
2336
2337
2340
2343
2344
2345
2346
2347
2349
2350
2351
2352
2353
2354
2355
2356
2357
2358
2359
2360
2365
2367
2368
2369
2370
2371
2374
2375
2376
2377
2378
2379
2382
2383
2385
2386
2387
2390
2392
2393
2394
2395
2396
2397
2398
2399
2402
2403
2404
2405
2406
2407
2409
2411
2412
2414
2415
2416
2417
2419
2420
2421
2422
2423
2424
2425
2426
2427
2428
2431
2432
2433
2434
2435
2437
2439
2440
2441
2442
2443
2444
2450
2451
2452
2453
2454
2455
2456
2457
2458
2460
2462
2463
2464
2465
2471
2473
2474
2475
2476
2478
2480
2482
2483
2487
2488
2489
2490
2492
2493
2494
2495
2497
2500
2501
2504
2506
2509
2512
2516
2519
2521
2526
2528
2532
2533
2534
2535
2536
2539
2540
2541
2542
2544
2545
2547
2548
2549
2551
2552
2554
2557
2558
2560
2562
2563
2566
2567
2568
2569
2570
2572
2574
2577
2579
2583
2584
2585
2586
2587
2589
2591
2592
2594
2595
2596
2598
2600
2601
2602
2603
2604
2606
2607
2609
2611
2612
2615
2616
2617
2619
2620
2621
2624
2627
2628
2629
2630
2631
2635
2637
2639
2641
2644
2645
2648
2649
2654
2655
2656
2658
2659
2662
2663
2664
2668
2669
2673
2674
2675
2676
2677
2678
2679
2680
2681
2682
2683
2685
2686
2687
2689
2690
2691
2693
2694
2696
2697
2698
2700
2701
2703
2704
2706
2707
2708
2709
2712
2715
2716
2717
2718
2719
2720
2723
2724
2725
2728
2732
2733
2734
2735
2739
2741
2743
2745
2747
2749
2750
2751
2752
2753
2756
2757
2759
2760
2765
2766
2767
2768
2769
2770
2772
2775
2776
2777
2778
2779
2780
2781
2783
2784
2785
2789
2790
2791
2792
2795
2796
2797
2800
2801
2802
2805
2808
2809
2810
2811
2812
2814
2815
2817
2818
2820
2823
2824
2826
2827
2828
2829
2830
2831
2832
2833
2834
2835
2836
2837
2838
2839
2840
2841
2842
2843
2845
2846
2847
2849
2850
2852
2856
2857
2858
2859
2860
2861
2862
2863
2865
2866
2867
2868
2870
2871
2872
2874
2875
2877
2878
2880
2882
2887
2889
2892
2894
2898
2900
2902
2903
2904
2905
2907
2911
2912
2913
2916
2918
2919
2920
2922
2923
2926
2928
2929
2931
2932
2933
2934
2935
2936
2938
2939
2941
2943
2944
2947
2948
2949
2950
2951
2952
2953
2954
2957
2959
2960
2961
2964
2965
2966
2968
2969
2971
2973
2974
2975
2976
2979
2980
2981
2982
2983
2984
2985
2988
2989
2990
2993
2994
2995
2996
2997
2998
2999
3001
3002
3004
3005
3007
3008
3010
3011
3012
3013
3014
3015
3016
3017
3018
3019
3022
3023
3025
3026
3027
3031
3032
3033
3034
3037
3038
3039
3041
3043
3044
3047
3048
3049
3050
3051
3052
3053
3054
3055
3057
3058
3059
3062
3064
3065
3067
3069
3072
3073
3075
3076
3078
3079
3082
3085
3086
3089
3091
3092
3093
3094
3095
3096
3097
3098
3099
3101
3102
3103
3107
3108
3110
3114
3115
3117
3119
3121
3123
3125
3126
3129
3131
3132
3133
3134
3135
3136
3139
3140
3144
3146
3147
3148
3150
3151
3153
3155
3156
3157
3158
3160
3161
3162
3165
3167
3168
3169
3170
3171
3172
3173
3174
3175
3176
3177
3182
3183
3184
3186
3188
3189
3190
3191
3195
3196
3197
3198
3199
3200
3201
3202
3203
3204
3206
3209
3210
3215
3216
3217
3218
3219
3221
3222
3224
3225
3227
3229
3230
3231
3235
3236
3238
3240
3241
3242
3243
3246
3247
3248
3249
3250
3252
3253
3254
3255
3256
3257
3260
3263
3266
3268
3269
3271
3272
3273
3274
3276
3280
3281
3282
3283
3284
3286
3287
3289
3290
3291
3292
3294
3295
3296
3297
3298
3303
3304
3305
3306
3309
3310
3314
3315
3316
3321
3322
3323
3324
3325
3326
3328
3329
3331
3332
3334
3335
3336
3338
3339
3340
3341
3343
3344
3347
3348
3349
3355
3357
3358
3360
3361
3362
3364
3365
3367
3368
3371
3372
3374
3376
3378
3379
3382
3383
3385
3387
3388
3390
3391
3392
3393
3395
3396
3397
3398
3399
3400
3401
3403
3404
3405
3406
3408
3411
3412
3413
3416
3417
3418
3421
3423
3424
3425
3426
3429
3431
3432
3433
3434
3437
3438
3441
3442
3443
3444
3446
3447
3449
3450
3451
3452
3454
3455
3456
3458
3459
3461
3462
3463
3464
3467
3468
3469
3470
3471
3472
3473
3475
3478
3479
3480
3482
3483
3485
3487
3488
3489
3490
3492
3493
3494
3495
3496
3497
3498
3500
3501
3503
3505
3508
3509
3510
3512
3513
3515
3516
3517
3518
3520
3521
3523
3525
3526
3527
3529
3530
3532
3534
3535
3539
3540
3542
3544
3545
3546
3547
3548
3549
3550
3552
3553
3554
3555
3557
3559
3560
3561
3562
3563
3565
3568
3569
3570
3572
3573
3574
3575
3578
3580
3581
3584
3585
3586
3587
3589
3590
3592
3593
3594
3595
3596
3597
3598
3599
3600
3601
3602
3603
3604
3610
3611
3613
3615
3618
3619
3623
3624
3626
3627
3628
3629
3630
3633
3636
3638
3639
3640
3643
3644
3645
3647
3652
3655
3657
3658
3659
3660
3662
3665
3666
3668
3669
3671
3672
3673
3674
3676
3677
3679
3680
3681
3682
3683
3684
3685
3686
3688
3689
3690
3692
3694
3695
3696
3697
3698
3700
3705
3706
3707
3710
3712
3714
3715
3717
3718
3719
3721
3722
3723
3724
3727
3728
3729
3730
3731
3732
3733
3735
3736
3737
3739
3741
3742
3744
3745
3746
3748
3749
3750
3751
3753
3754
3755
3756
3758
3759
3760
3761
3764
3765
3766
3767
3768
3770
3771
3773
3774
3778
3779
3784
3786
3787
3788
3790
3793
3794
3795
3797
3798
3799
3803
3804
3805
3809
3811
3813
3815
3817
3818
3819
3821
3822
3823
3825
3826
3827
3828
3829
3831
3833
3834
3835
3837
3838
3839
3840
3841
3843
3847
3848
3849
3850
3852
3856
3857
3860
3861
3862
3864
3866
3871
3872
3873
3875
3876
3878
3880
3883
3884
3887
3889
3892
3897
3898
3899
3901
3902
3904
3905
3906
3907
3909
3914
3915
3916
3917
3918
3919
3920
3921
3924
3925
3926
3927
3928
3931
3932
3938
3939
3942
3944
3946
3947
3948
3949
3950
3951
3952
3954
3955
3958
3959
3960
3961
3962
3963
3966
3967
3971
3977
3978
3979
3983
3985
3987
3988
3989
3990
3992
3993
3994
3995
3996
3997
3999
4003
4004
4005
4007
4009
4010
4011
4012
4017
4018
4019
4020
4021
4022
4026
4031
4032
4033
4034
4035
4037
4039
4040
4041
4042
4045
4046
4047
4048
4049
4051
4053
4056
4058
4059
4062
4063
4064
4066
4068
4072
4073
4074
4075
4076
4077
4078
4081
4082
4083
4085
4086
4088
4090
4093
4094
4096
4097
4098
4099
4100
4103
4105
4107
4108
4109
4111
4113
4115
4116
4118
4120
4125
4126
4128
4129
4130
4131
4132
4136
4137
4138
4141
4142
4143
4144
4145
4146
4148
4149
4150
4151
4153
4154
4155
4158
4159
4160
4161
4162
4164
4168
4173
4174
4176
4179
4180
4181
4183
4184
4186
4187
4189
4190
4192
4194
4196
4197
4198
4202
4203
4204
4205
4208
4210
4211
4212
4215
4217
4218
4220
4221
4222
4223
4224
4226
4227
4229
4232
4235
4236
4238
4240
4242
4243
4246
4247
4248
4250
4251
4252
4253
4254
4255
4257
4258
4259
4261
4262
4266
4267
4268
4269
4271
4272
4273
4277
4278
4279
4280
4281
4282
4284
4286
4287
4289
4290
4291
4292
4293
4294
4296
4297
4299
4301
4308
4309
4310
4311
4315
4316
4317
4318
4320
4321
4322
4323
4325
4326
4329
4330
4335
4336
4337
4338
4340
4341
4342
4344
4346
4348
4351
4353
4354
4356
4357
4358
4359
4360
4361
4362
4363
4365
4369
4370
4372
4374
4375
4377
4378
4379
4380
4381
4384
4385
4386
4387
4388
4390
4392
4393
4394
4396
4397
4399
4400
4402
4405
4406
4409
4413
4414
4415
4417
4418
4419
4421
4422
4425
4426
4427
4428
4429
4430
4431
4433
4436
4437
4439
4442
4443
4444
4445
4446
4449
4451
4452
4453
4455
4456
4459
4461
4462
4467
4468
4469
4471
4475
4477
4479
4481
4483
4484
4486
4487
4491
4493
4494
4496
4498
4500
4501
4502
4503
4504
4505
4506
4507
4508
4510
4511
4512
4514
4517
4518
4519
4520
4521
4522
4523
4525
4527
4528
4529
4530
4531
4532
4533
4534
4536
4537
4539
4541
4542
4543
4545
4547
4548
4549
4554
4555
4556
4558
4559
4560
4561
4562
4564
4565
4566
4567
4568
4569
4570
4572
4573
4574
4576
4580
4581
4586
4588
4590
4596
4597
4598
4599
4600
4602
4603
4604
4608
4609
4610
4612
4617
4618
4619
4620
4621
4622
4623
4624
4626
4629
4630
4631
4632
4633
4634
4637
4638
4640
4643
4644
4645
4646
4647
4648
4649
4651
4652
4653
4654
4655
4656
4659
4660
4661
4662
4663
4664
4665
4666
4670
4673
4674
4676
4677
4678
4682
4684
4687
4690
4691
4692
4694
4695
4697
4699
4701
4703
4705
4706
4707
4710
4711
4712
4714
4716
4717
4719
4721
4722
4723
4724
4725
4726
4727
4729
4730
4731
4732
4735
4737
4739
4740
4741
4742
4746
4747
4748
4749
4750
4752
4753
4754
4755
4756
4757
4758
4761
4764
4765
4766
4767
4768
4769
4771
4773
4777
4779
4780
4781
4782
4783
4790
4791
4793
4794
4795
4797
4799
4800
4803
4804
4805
4806
4807
4808
4809
4810
4811
4813
4814
4815
4817
4818
4819
4821
4822
4823
4826
4828
4833
4834
4836
4839
4840
4841
4844
4847
4848
4849
4851
4853
4854
4855
4859
4860
4861
4863
4864
4865
4867
4868
4869
4871
4872
4873
4874
4875
4876
4877
4879
4880
4882
4885
4891
4892
4894
4897
4898
4899
4900
4901
4902
4903
4904
4906
4907
4908
4910
4914
4915
4917
4918
4920
4921
4922
4927
4928
4929
4930
4931
4932
4935
4936
4938
4943
4944
4945
4946
4948
4950
4954
4955
4956
4957
4958
4959
4961
4962
4963
4966
4968
4969
4971
4974
4975
4976
4977
4980
4981
4982
4983
4984
4985
4986
4987
4990
4991
4992
4993
4994
4995
4997
4998
4999
5001
5002
5003
5004
5005
5006
5008
5009
5015
5016
5018
5019
5020
5021
5022
5023
5025
5026
5027
5028
5029
5030
5031
5032
5033
5035
5036
5037
5039
5042
5044
5045
5046
5049
5051
5052
5054
5055
5057
5059
5062
5063
5064
5067
5068
5069
5070
5072
5073
5074
5077
5079
5080
5081
5082
5083
5084
5085
5088
5089
5090
5092
5093
5097
5098
5100
5102
5104
5105
5106
5107
5109
5111
5112
5116
5119
5121
5123
5125
5127
5128
5129
5130
5131
5132
5134
5135
5136
5140
5141
5144
5146
5147
5150
5152
5153
5155
5157
5159
5160
5161
5162
5163
5164
5167
5169
5172
5174
5175
5176
5178
5179
5180
5182
5183
5184
5185
5187
5188
5189
5190
5191
5192
5194
5195
5197
5199
5203
5205
5207
5209
5212
5213
5216
5218
5219
5221
5222
5223
5224
5225
5226
5227
5231
5232
5233
5235
5238
5240
5242
5243
5247
5249
5250
5253
5254
5256
5257
5259
5260
5261
5262
5263
5264
5266
5268
5269
5270
5271
5272
5274
5275
5278
5279
5280
5281
5284
5285
5290
5291
5293
5295
5298
5299
5303
5305
5306
5310
5311
5312
5313
5314
5315
5317
5318
5319
5320
5322
5324
5325
5327
5328
5329
5330
5331
5333
5336
5337
5339
5341
5342
5345
5349
5350
5351
5354
5355
5357
5362
5363
5364
5365
5366
5367
5369
5370
5371
5372
5373
5374
5375
5377
5378
5379
5380
5381
5382
5383
5384
5385
5386
5387
5389
5390
5391
5392
5393
5394
5396
5399
5401
5402
5404
5406
5407
5408
5409
5410
5411
5412
5415
5416
5417
5418
5420
5423
5424
5425
5426
5427
5428
5429
5430
5432
5433
5435
5436
5439
5440
5441
5442
5443
5445
5447
5448
5449
5451
5453
5454
5455
5457
5458
5459
5460
5461
5462
5463
5464
5466
5467
5468
5469
5470
5472
5473
5474
5475
5480
5481
5482
5484
5485
5486
5487
5488
5490
5491
5493
5494
5495
5496
5498
5501
5505
5506
5507
5508
5510
5511
5514
5516
5517
5519
5520
5521
5522
5525
5527
5529
5531
5532
5533
5534
5536
5537
5538
5539
5541
5543
5544
5545
5549
5551
5552
5553
5555
5556
5557
5558
5559
5560
5561
5562
5563
5567
5569
5570
5571
5575
5580
5583
5584
5585
5586
5587
5588
5589
5590
5591
5592
5594
5595
5596
5597
5598
5599
5600
5602
5603
5605
5606
5608
5613
5614
5616
5617
5620
5621
5622
5624
5626
5628
5629
5630
5633
5635
5636
5644
5645
5647
5649
5651
5652
5654
5656
5657
5658
5659
5660
5661
5662
5663
5664
5665
5667
5668
5675
5677
5678
5679
5681
5683
5685
5690
5691
5692
5693
5694
5697
5698
5699
5701
5702
5704
5707
5708
5709
5710
5712
5713
5714
5715
5716
5717
5719
5720
5721
5722
5725
5728
5729
5730
5733
5734
5735
5737
5739
5740
5741
5742
5743
5747
5751
5754
5755
5756
5757
5762
5764
5765
5766
5767
5770
5772
5773
5774
5775
5776
5777
5779
5782
5784
5785
5787
5789
5790
5792
5793
5795
5797
5799
5800
5801
5802
5803
5804
5807
5808
5811
5812
5813
5814
5816
5818
5820
5826
5827
5828
5829
5830
5832
5835
5836
5837
5840
5841
5843
5844
5846
5847
5848
5849
5850
5851
5852
5853
5854
5861
5864
5865
5866
5867
5868
5869
5870
5871
5872
5873
5874
5875
5876
5877
5879
5880
5881
5882
5886
5887
5888
5892
5893
5894
5898
5899
5900
5902
5903
5905
5906
5910
5911
5912
5913
5915
5916
5919
5920
5921
5922
5923
5925
5926
5928
5929
5931
5932
5935
5936
5937
5938
5941
5942
5943
5945
5946
5947
5950
5952
5954
5955
5959
5961
5963
5964
5965
5966
5968
5972
5973
5974
5975
5976
5978
5979
5981
5982
5983
5984
5985
5986
5988
5990
5991
5992
5993
5994
5995
5998
6000
6001
6003
6004
6005
6007
6008
6010
6014
6015
6016
6018
6019
6022
6023
6024
6026
6027
6030
6031
6032
6033
6034
6035
6037
6038
6043
6044
6045
6046
6048
6049
6050
6055
6056
6057
6059
6060
6061
6062
6063
6066
6067
6071
6072
6073
6074
6077
6078
6079
6082
6083
6084
6085
6086
6088
6089
6090
6093
6095
6097
6098
6101
6103
6104
6105
6106
6108
6109
6110
6111
6113
6114
6115
6116
6118
6119
6121
6122
6123
6125
6129
6130
6131
6132
6133
6134
6135
6137
6138
6139
6140
6141
6142
6143
6146
6150
6151
6152
6154
6155
6156
6157
6158
6162
6163
6166
6168
6169
6170
6172
6173
6176
6177
6178
6179
6180
6182
6183
6184
6185
6188
6189
6190
6191
6193
6196
6197
6198
6200
6201
6202
6204
6208
6210
6212
6213
6214
6215
6220
6221
6222
6223
6224
6226
6227
6230
6232
6233
6234
6235
6236
6237
6238
6240
6241
6242
6243
6244
6245
6248
6250
6253
6254
6255
6256
6257
6258
6261
6262
6263
6265
6266
6267
6268
6269
6270
6273
6275
6276
6277
6278
6282
6283
6284
6285
6287
6291
6292
6293
6295
6296
6297
6298
6302
6304
6305
6306
6307
6309
6310
6312
6313
6314
6316
6319
6322
6325
6327
6330
6331
6332
6333
6334
6335
6337
6338
6339
6340
6342
6344
6350
6351
6352
6353
6354
6356
6357
6358
6359
6361
6362
6363
6364
6366
6367
6368
6370
6371
6373
6374
6375
6376
6377
6378
6379
6380
6381
6383
6384
6387
6389
6390
6391
6392
6393
6394
6396
6397
6398
6399
6400
6403
6405
6407
6408
6409
6410
6411
6414
6415
6416
6417
6418
6419
6421
6422
6424
6425
6426
6429
6430
6431
6432
6433
6435
6439
6440
6443
6444
6445
6446
6447
6448
6449
6450
6451
6452
6453
6454
6455
6456
6458
6459
6460
6461
6462
6464
6465
6466
6467
6468
6469
6470
6471
6472
6473
6476
6477
6478
6479
6480
6481
6482
6483
6486
6492
6493
6496
6501
6502
6504
6505
6508
6509
6510
6511
6513
6516
6519
6520
6521
6522
6524
6525
6526
6528
6529
6530
6533
6537
6543
6544
6545
6547
6548
6551
6552
6556
6557
6560
6561
6562
6565
6566
6569
6571
6573
6574
6575
6577
6578
6579
6581
6582
6583
6585
6590
6591
6593
6594
6595
6596
6597
6598
6599
6600
6601
6602
6604
6605
6607
6608
6609
6610
6611
6613
6615
6616
6617
6619
6621
6624
6631
6632
6633
6634
6639
6640
6641
6644
6645
6646
6649
6652
6656
6658
6659
6660
6661
6664
6665
6666
6668
6669
6671
6672
6676
6677
6678
6680
6681
6682
6685
6686
6687
6689
6692
6694
6695
6696
6697
6698
6699
6700
6701
6702
6703
6704
6708
6710
6712
6714
6716
6718
6721
6722
6724
6725
6726
6728
6729
6730
6732
6733
6734
6735
6736
6738
6739
6740
6741
6742
6746
6747
6748
6751
6753
6754
6756
6757
6759
6760
6761
6763
6764
6765
6770
6771
6772
6773
6775
6776
6778
6780
6781
6783
6784
6785
6787
6788
6789
6790
6792
6793
6795
6796
6798
6800
6802
6803
6805
6806
6807
6812
6815
6816
6818
6819
6820
6823
6824
6826
6827
6828
6829
6831
6832
6833
6834
6835
6836
6837
6839
6842
6843
6844
6845
6846
6847
6848
6851
6852
6854
6855
6856
6857
6858
6859
6862
6863
6864
6865
6866
6869
6870
6871
6872
6873
6874
6876
6877
6878
6879
6881
6885
6886
6887
6888
6893
6894
6897
6899
6900
6901
6902
6903
6904
6905
6907
6910
6911
6912
6913
6915
6916
6918
6919
6921
6922
6928
6929
6930
6931
6932
6933
6934
6937
6938
6939
6940
6941
6943
6945
6946
6949
6951
6952
6955
6957
6958
6959
6961
6962
6963
6964
6965
6966
6967
6968
6969
6970
6972
6973
6975
6977
6980
6981
6982
6983
6984
6985
6986
6987
6988
6989
6990
6991
6992
6993
6994
6995
6996
6997
6998
6999
7000
7001
7002
7003
7004
7005
7006
7007
7009
7011
7012
7016
7017
7018
7019
7020
7021
7022
7023
7024
7025
7026
7027
7029
7030
7031
7032
7033
7034
7036
7037
7038
7039
7044
7048
7049
7051
7054
7055
7057
7060
7062
7063
7064
7065
7069
7070
7073
7074
7075
7076
7077
7078
7079
7081
7082
7083
7084
7085
7086
7089
7090
7091
7092
7093
7094
7096
7098
7099
7102
7103
7104
7105
7106
7109
7111
7112
7113
7114
7115
7117
7118
7119
7121
7122
7123
7126
7128
7129
7132
7135
7139
7140
7141
7144
7145
7146
7148
7149
7150
7154
7155
7156
7159
7161
7162
7164
7165
7166
7167
7168
7170
7171
7173
7177
7178
7179
7181
7182
7183
7185
7187
7190
7192
7193
7197
7198
7199
7201
7203
7204
7205
7206
7207
7208
7210
7211
7212
7213
7214
7215
7216
7218
7219
7222
7224
7225
7226
7230
7232
7234
7237
7240
7243
7244
7245
7246
7248
7249
7253
7255
7256
7257
7258
7260
7263
7268
7269
7271
7272
7275
7276
7278
7279
7281
7282
7285
7287
7288
7289
7290
7292
7293
7296
7297
7302
7305
7308
7309
7310
7311
7314
7315
7317
7318
7320
7322
7325
7326
7327
7328
7331
7334
7335
7336
7337
7338
7340
7341
7343
7346
7348
7349
7350
7352
7353
7355
7362
7363
7364
7365
7366
7367
7368
7369
7370
7371
7373
7374
7375
7376
7377
7378
7379
7380
7381
7382
7384
7386
7387
7388
7389
7391
7395
7396
7397
7399
7400
7401
7402
7404
7405
7409
7410
7411
7412
7413
7414
7415
7417
7418
7419
7422
7425
7426
7427
7428
7430
7432
7435
7437
7438
7440
7441
7442
7444
7446
7447
7448
7449
7450
7451
7452
7453
7454
7456
7459
7461
7462
7463
7464
7465
7466
7470
7471
7474
7475
7476
7477
7478
7480
7481
7482
7483
7484
7485
7486
7488
7489
7492
7493
7494
7495
7496
7499
7504
7505
7506
7507
7509
7510
7511
7512
7514
7519
7520
7523
7524
7525
7526
7527
7530
7531
7534
7535
7536
7537
7539
7540
7541
7542
7543
7544
7545
7546
7548
7549
7550
7552
7553
7554
7555
7556
7557
7558
7559
7560
7561
7562
7563
7564
7565
7566
7568
7571
7572
7573
7574
7576
7578
7579
7582
7583
7584
7587
7590
7592
7593
7594
7595
7596
7597
7598
7599
7600
7601
7602
7604
7605
7606
7607
7610
7611
7612
7613
7614
7617
7618
7620
7622
7623
7625
7626
7627
7630
7631
7634
7635
7636
7639
7640
7642
7645
7646
7647
7650
7652
7653
7655
7656
7657
7658
7661
7663
7665
7668
7670
7671
7672
7673
7675
7676
7677
7678
7679
7680
7682
7684
7685
7688
7689
7692
7693
7695
7696
7697
7701
7702
7703
7705
7706
7707
7708
7709
7710
7711
7713
7714
7715
7717
7718
7719
7720
7721
7723
7724
7725
7727
7728
7729
7732
7734
7735
7738
7739
7741
7742
7745
7747
7748
7751
7752
7753
7754
7756
7757
7758
7760
7762
7763
7764
7765
7766
7767
7768
7769
7771
7773
7774
7776
7778
7779
7780
7781
7782
7783
7784
7785
7786
7787
7788
7789
7791
7792
7793
7794
7795
7796
7797
7800
7801
7802
7806
7810
7811
7813
7815
7816
7819
7821
7822
7823
7825
7826
7827
7828
7830
7831
7832
7836
7837
7839
7844
7845
7846
7847
7848
7849
7850
7852
7853
7854
7855
7856
7857
7858
7859
7861
7864
7866
7868
7869
7870
7871
7873
7874
7877
7878
7881
7884
7885
7886
7887
7888
7889
7890
7891
7892
7894
7895
7896
7897
7899
7901
7903
7904
7906
7907
7908
7909
7910
7911
7913
7915
7916
7920
7921
7922
7924
7926
7927
7932
7933
7934
7935
7937
7938
7939
7942
7944
7947
7950
7951
7952
7953
7955
7956
7957
7958
7960
7962
7963
7964
7965
7966
7967
7968
7970
7971
7973
7974
7975
7976
7979
7980
7981
7984
7985
7986
7988
7989
7993
7994
7996
7997
7998
7999
8000
8001
8004
8006
8007
8008
8009
8010
8012
8013
8017
8018
8019
8021
8022
8023
8025
8026
8027
8028
8030
8031
8033
8035
8036
8037
8038
8039
8044
8046
8048
8049
8051
8052
8053
8054
8057
8058
8059
8060
8062
8063
8065
8066
8067
8068
8069
8070
8072
8073
8074
8075
8076
8077
8078
8079
8080
8081
8085
8086
8088
8089
8091
8093
8094
8099
8100
8102
8104
8105
8107
8108
8111
8112
8113
8114
8115
8120
8121
8123
8126
8128
8129
8130
8133
8134
8135
8136
8138
8140
8141
8142
8145
8146
8147
8148
8149
8156
8159
8161
8162
8163
8164
8169
8170
8171
8172
8175
8176
8180
8183
8184
8185
8186
8187
8189
8190
8194
8195
8196
8197
8202
8203
8207
8208
8209
8211
8212
8213
8216
8218
8219
8220
8221
8222
8223
8224
8225
8227
8230
8231
8234
8235
8237
8241
8243
8244
8245
8248
8249
8251
8253
8254
8255
8256
8258
8260
8263
8269
8273
8275
8276
8277
8278
8280
8281
8284
8285
8286
8289
8290
8291
8292
8295
8296
8297
8298
8300
8301
8302
8303
8304
8306
8307
8308
8311
8313
8315
8316
8317
8318
8320
8321
8326
8327
8329
8330
8332
8335
8336
8337
8341
8342
8344
8345
8346
8347
8350
8351
8352
8353
8355
8356
8358
8359
8361
8363
8364
8365
8366
8369
8372
8375
8376
8377
8378
8379
8380
8381
8382
8384
8386
8387
8391
8392
8396
8397
8398
8400
8401
8402
8403
8405
8406
8408
8409
8412
8413
8415
8417
8419
8420
8421
8422
8423
8426
8427
8429
8430
8431
8432
8434
8435
8438
8445
8446
8447
8448
8450
8451
8452
8454
8455
8457
8459
8461
8463
8464
8466
8468
8472
8473
8476
8477
8478
8481
8483
8484
8485
8492
8494
8495
8499
8500
8504
8505
8506
8510
8514
8517
8519
8520
8521
8522
8523
8524
8527
8528
8529
8530
8533
8534
8535
8536
8538
8539
8540
8541
8542
8543
8545
8546
8547
8550
8551
8553
8556
8558
8559
8560
8561
8563
8564
8565
8566
8569
8570
8571
8573
8574
8576
8578
8580
8581
8582
8583
8585
8586
8587
8588
8591
8592
8593
8594
8595
8596
8597
8598
8601
8602
8604
8607
8608
8609
8613
8614
8615
8620
8621
8622
8625
8627
8628
8630
8631
8632
8633
8635
8636
8637
8639
8641
8642
8643
8644
8646
8648
8652
8657
8661
8663
8664
8665
8666
8667
8668
8669
8670
8671
8672
8673
8678
8679
8681
8682
8683
8684
8685
8687
8688
8689
8690
8692
8693
8694
8695
8696
8697
8698
8699
8700
8701
8702
8704
8705
8706
8707
8708
8709
8711
8713
8714
8715
8716
8717
8718
8719
8720
8721
8722
8723
8724
8725
8726
8727
8729
8731
8732
8733
8734
8735
8738
8740
8742
8746
8748
8749
8750
8751
8752
8753
8754
8755
8756
8758
8759
8762
8763
8767
8768
8771
8772
8774
8777
8780
8781
8782
8783
8784
8788
8789
8790
8793
8794
8796
8797
8798
8800
8803
8804
8806
8807
8808
8809
8810
8811
8812
8813
8814
8816
8817
8820
8821
8822
8824
8825
8826
8828
8829
8830
8831
8832
8833
8834
8835
8836
8837
8842
8844
8846
8847
8848
8849
8850
8852
8853
8854
8858
8859
8860
8861
8862
8863
8866
8867
8868
8870
8871
8873
8876
8878
8880
8881
8882
8884
8886
8887
8889
8890
8891
8892
8897
8898
8900
8902
8903
8904
8905
8906
8907
8910
8911
8912
8914
8915
8916
8917
8918
8919
8921
8924
8925
8926
8928
8930
8932
8935
8936
8939
8940
8941
8942
8944
8945
8947
8948
8949
8950
8951
8952
8953
8954
8955
8956
8958
8959
8960
8962
8963
8964
8967
8968
8969
8971
8973
8976
8977
8979
8981
8982
8984
8985
8987
8988
8989
8990
8991
8992
8993
8994
8995
8999
9001
9002
9003
9004
9005
9006
9008
9009
9010
9011
9012
9016
9018
9024
9025
9026
9027
9030
9031
9033
9035
9036
9037
9040
9041
9043
9044
9045
9046
9048
9049
9053
9056
9057
9058
9059
9060
9063
9064
9065
9067
9068
9069
9071
9072
9073
9076
9080
9082
9083
9084
9085
9086
9087
9088
9089
9091
9092
9093
9094
9099
9102
9104
9105
9106
9109
9111
9112
9113
9114
9118
9119
9121
9122
9124
9125
9126
9127
9128
9129
9131
9132
9134
9137
9148
9150
9151
9152
9155
9156
9157
9160
9161
9165
9166
9167
9169
9172
9173
9174
9176
9177
9178
9179
9181
9183
9186
9188
9189
9190
9191
9192
9193
9194
9197
9198
9199
9201
9202
9203
9204
9206
9207
9208
9209
9213
9214
9216
9218
9220
9221
9222
9224
9225
9226
9227
9229
9230
9233
9234
9236
9238
9241
9242
9244
9246
9247
9251
9252
9254
9255
9259
9260
9261
9263
9266
9267
9268
9269
9270
9273
9274
9276
9278
9279
9280
9283
9285
9287
9288
9289
9290
9293
9295
9296
9303
9304
9305
9306
9307
9309
9310
9311
9312
9315
9316
9317
9318
9319
9320
9321
9322
9324
9325
9326
9328
9331
9332
9333
9334
9335
9336
9338
9339
9340
9341
9343
9345
9346
9349
9350
9356
9358
9359
9360
9363
9364
9365
9367
9368
9369
9372
9373
9374
9375
9377
9378
9379
9380
9381
9382
9384
9386
9388
9390
9392
9394
9396
9397
9398
9399
9400
9401
9402
9403
9406
9407
9408
9411
9412
9413
9414
9415
9416
9417
9420
9421
9422
9423
9427
9429
9432
9433
9434
9436
9440
9446
9448
9450
9453
9454
9456
9457
9458
9459
9460
9461
9462
9466
9467
9471
9474
9475
9476
9481
9482
9484
9485
9486
9487
9488
9491
9492
9494
9495
9496
9497
9498
9500
9501
9504
9505
9506
9507
9508
9510
9511
9512
9513
9519
9521
9522
9525
9526
9527
9529
9530
9531
9532
9533
9536
9537
9538
9539
9542
9543
9544
9545
9546
9547
9551
9553
9557
9559
9560
9564
9565
9566
9568
9569
9570
9572
9573
9576
9578
9579
9581
9584
9585
9588
9590
9594
9595
9596
9597
9598
9599
9600
9608
9609
9611
9612
9613
9614
9615
9616
9617
9618
9620
9622
9623
9625
9626
9627
9630
9631
9633
9636
9637
9638
9640
9641
9642
9643
9645
9647
9650
9652
9654
9660
9661
9662
9664
9667
9668
9670
9672
9674
9677
9678
9683
9684
9686
9687
9688
9690
9692
9693
9695
9699
9700
9701
9702
9706
9707
9708
9710
9711
9712
9713
9715
9716
9717
9719
9722
9724
9726
9727
9730
9731
9732
9733
9737
9739
9740
9741
9742
9743
9744
9745
9747
9748
9749
9750
9751
9752
9753
9754
9755
9756
9757
9759
9761
9763
9764
9765
9766
9767
9768
9771
9773
9775
9776
9777
9779
9781
9783
9784
9786
9787
9789
9791
9792
9793
9794
9797
9799
9802
9803
9804
9806
9807
9809
9811
9812
9813
9817
9818
9819
9820
9821
9822
9823
9824
9825
9826
9827
9828
9829
9830
9831
9832
9834
9836
9837
9838
9839
9840
9841
9842
9843
9844
9845
9848
9850
9851
9852
9854
9856
9857
9859
9860
9861
9863
9864
9865
9867
9868
9870
9872
9876
9878
9879
9880
9881
9884
9885
9886
9888
9889
9890
9892
9894
9895
9896
9897
9898
9899
9903
9905
9910
9911
9912
9913
9916
9918
9920
9922
9923
9924
9925
9926
9927
9928
9930
9933
9935
9936
9938
9940
9941
9944
9945
9946
9947
9948
9949
9951
9953
9954
9958
9959
9963
9964
9965
9967
9969
9970
9971
9974
9978
9980
9985
9988
9989
9990
9992
9995
9996
9997
9998
