0,3825,2158
1,4170,710
2,3348,2823
5,146,2617
5,1867,1670
6,4656,1290
8,888,340
9,2616,4108
9,4467,4733
11,422,973
11,525,1347
13,2920,1556
13,4447,3144
14,1053,4075
14,2288,1742
14,2800,2922
15,3466,1255
15,3906,1801
17,1903,1519
19,4500,2758
19,4755,4298
20,237,1091
20,3366,287
21,1145,1260
23,2069,2597
23,3659,745
24,2075,1078
30,2370,760
31,4981,2144
33,4270,1300
35,1215,4371
40,2697,672
41,1277,2552
43,2794,4243
43,2916,946
44,2737,1108
45,2705,1762
45,4467,467
46,3200,2430
49,811,1734
49,2237,3499
50,926,185
50,2924,3495
51,3311,3708
51,4840,2211
58,833,593
58,1826,2900
59,2124,3158
59,2452,3279
65,656,3923
65,962,3002
70,2660,74
71,1790,1114
72,118,3874
72,1056,2244
75,3777,2907
76,1647,770
77,2160,4896
77,2371,4280
78,1259,2418
78,4410,2858
78,4822,2405
80,921,2858
80,2651,4516
81,3099,3730
81,4117,4880
82,881,4651
82,2031,1492
82,4115,557
83,142,2341
83,1599,1858
84,4520,1301
86,4029,2690
88,2803,2904
90,1186,2537
90,2463,4386
91,2982,4423
92,456,4876
92,540,1104
92,2445,78
92,4319,283
93,1320,2237
94,1681,598
95,1199,3922
96,2983,4492
99,2045,1025
101,4782,4436
102,3209,4462
102,4721,4498
104,4028,1868
105,2209,3124
107,4459,1738
108,1276,2494
109,2914,4300
110,1951,759
110,3509,3471
111,128,1406
113,3109,3668
114,2435,4507
117,1417,1215
119,2676,2611
120,2235,677
120,2690,1999
124,4090,369
125,2819,1218
126,2891,4887
127,4809,367
129,2153,2877
129,2888,4882
129,3081,2131
131,497,3221
131,3630,4346
132,1166,3898
133,2938,4672
134,952,1764
134,2754,1454
136,2450,62
138,2122,279
139,4639,3207
140,1513,1093
140,2126,780
140,4776,4336
142,2386,3891
143,945,2778
144,579,2308
145,4493,159
146,1129,1849
147,248,2085
147,1848,2487
154,1513,1828
154,4075,920
156,15,4098
156,3450,3490
157,1120,2215
159,4026,279
161,3060,1225
162,1437,4770
166,1760,961
166,3965,1635
167,4553,4996
169,2655,3594
169,3016,1746
171,3096,98
174,1327,1382
175,1046,3529
176,1009,6
177,3444,3098
177,4396,2468
178,1407,1244
178,2421,1785
178,3153,4507
181,845,493
184,1134,1676
184,1172,3494
185,1024,4237
186,92,1507
186,4709,1103
188,661,1712
191,3070,649
193,1780,4376
195,829,763
195,2542,2823
197,1602,536
197,3760,105
198,3195,3088
198,4677,1079
200,4211,2074
201,459,1469
201,4349,2273
202,1183,4829
203,339,83
203,969,194
203,1436,1352
204,2232,3539
205,1018,3782
206,3932,3512
209,3700,2211
209,4431,927
211,1843,1281
212,2390,1691
213,4332,887
214,2843,1051
215,3376,4729
215,4224,1191
215,4776,3679
217,1790,892
218,534,3628
219,747,4866
220,1897,985
222,485,4084
222,2371,4172
222,3664,1554
223,2952,1268
225,394,4531
225,2336,1651
226,2380,4366
227,4625,2627
229,306,2798
229,1267,2072
230,1499,1005
230,2072,4311
230,4187,3451
231,1075,4984
232,978,2411
240,513,1385
240,2092,3754
240,4415,3416
242,2074,3640
244,381,4424
244,3640,799
245,1317,4378
245,3577,1337
245,4769,2910
246,620,4950
246,1148,1887
246,1297,4206
249,1322,3693
250,1013,426
250,1485,3788
253,379,2929
253,2125,2003
253,2262,4834
253,2375,1371
253,4401,100
253,4616,535
257,3057,4538
258,2556,3873
258,3794,4445
261,897,1222
262,2943,3620
266,1502,1533
266,2543,1580
267,62,4317
268,1231,2557
269,31,1285
269,623,3878
269,1322,811
269,2238,948
270,2164,2190
270,3031,2462
272,3282,15
273,307,4717
273,2516,1958
274,1346,4781
278,3226,2723
284,831,4171
284,1017,4634
285,4523,3648
286,2999,4539
286,4578,848
287,1017,3445
287,3310,2685
287,4965,4978
291,2130,4308
291,3569,662
292,214,2655
292,4060,1897
292,4386,4644
293,1941,3934
295,4615,1547
296,3163,1055
298,279,4123
301,2219,3793
302,465,53
303,4972,2304
305,520,262
306,2526,2375
307,2031,4087
308,3245,1703
309,3489,3009
310,2760,428
314,1137,397
314,1481,4081
316,2855,915
316,3625,1963
318,1557,962
319,3107,2597
319,4919,2763
320,3033,3477
320,4555,1883
321,2640,2689
321,2853,1525
322,2063,4460
323,613,650
324,2726,4893
325,2626,3404
327,573,652
327,1332,4110
328,3401,3110
329,893,3777
329,4393,873
331,364,4171
331,1930,4004
334,2311,3619
335,2013,4489
336,2143,4520
337,402,610
337,670,3195
339,1839,177
339,2020,523
341,719,4376
341,4269,3810
342,2137,2301
342,4466,1950
344,2233,1964
345,513,3347
347,1147,3210
347,1717,4527
349,685,2379
349,1145,952
349,2845,3603
349,2920,2536
349,4276,3462
350,2485,1423
353,2681,3779
354,320,1821
355,761,2659
356,3126,4413
356,4747,1834
357,1811,2514
357,3905,4888
358,4353,1799
362,4492,2450
363,810,740
365,4922,4048
368,556,4033
371,1945,3270
374,1077,3600
375,4644,87
379,3420,2005
380,271,3602
381,524,4627
381,3515,353
382,4291,2867
383,602,4405
384,3304,3233
386,294,4025
386,358,4332
386,891,932
386,3449,2960
391,3168,837
394,2781,2640
395,569,4557
397,2554,4648
398,1293,262
399,3892,4534
400,322,1814
400,723,46
400,2079,4864
403,2295,1944
405,1016,4577
405,3350,4962
406,386,3992
406,573,1822
407,3670,1523
408,2912,924
408,3269,408
408,3578,2272
409,2189,1823
409,3351,3858
411,3051,4558
412,2382,96
414,421,3727
414,2443,4871
415,266,739
416,4399,588
416,4676,1427
418,273,2765
418,4987,4132
419,1627,3537
419,3446,2802
420,1807,4059
420,2490,1834
421,786,4207
422,636,489
422,2358,1007
422,3299,2040
423,1643,2277
423,3620,1598
426,558,530
427,2330,2420
428,2156,979
430,4419,2582
432,1121,3169
433,1407,641
433,2089,3995
435,4178,1128
436,264,991
436,3097,2103
438,3656,4300
443,1904,869
443,3900,4210
444,221,4770
444,1331,4798
444,2748,2820
444,4103,4446
444,4153,4830
446,86,1911
449,1735,4719
451,2477,3925
452,934,4454
452,2256,4224
453,3586,3923
455,4699,3826
457,3799,4255
459,2836,1562
461,1951,2628
462,2283,1569
464,3207,84
467,1332,1471
467,3551,740
468,894,1380
468,4441,926
468,4699,2499
469,4033,151
470,3725,929
472,1011,2471
472,2645,190
472,3787,4925
473,4190,3191
474,916,2706
474,1770,1765
475,3159,1175
476,2792,1997
477,2870,923
480,312,2466
480,4383,4259
481,3849,1237
482,1967,1240
482,2211,4257
482,3000,1670
483,1865,3825
484,1885,3283
485,2227,1796
488,914,1041
488,3545,838
492,2388,4934
492,4759,2391
493,714,4336
493,1899,257
495,502,2200
495,846,3846
495,2588,4902
497,3551,1552
498,1246,1669
498,2861,336
498,4434,2138
501,1477,728
503,96,2095
503,2930,1063
504,3340,1579
506,722,3169
508,2180,1599
510,561,3461
510,693,2627
511,3054,3783
511,3534,2064
511,3867,1638
512,1372,4621
514,662,3895
515,2953,3612
515,4693,3151
516,2458,1394
517,2745,4894
517,3794,4196
518,762,456
520,3168,164
521,923,3835
521,4036,1936
523,2196,2903
523,4016,3175
524,706,3893
525,67,3447
527,4249,309
529,4384,2455
529,4555,3091
531,3125,1627
532,216,4620
532,1554,1243
532,4948,596
534,2700,2833
535,2981,4280
537,98,2629
537,796,4819
537,1292,4523
537,1589,4856
537,3543,336
538,3828,1701
539,4577,365
541,2669,1791
542,4865,4933
544,4907,35
545,4117,4323
546,1161,2990
547,3612,1035
548,781,2737
548,4449,982
551,4076,3352
552,3868,928
554,1073,2139
554,2260,2936
555,2677,3111
557,3313,2431
557,4721,1525
558,889,455
560,124,3033
560,1182,4916
563,1019,4157
563,4325,59
564,1420,1200
564,1868,234
566,2859,3717
569,2491,4020
569,2729,4922
570,1153,587
570,4463,1888
571,2689,2646
571,4501,237
572,110,1303
572,3561,1764
573,4274,3769
575,1470,2869
576,3932,3581
577,2613,595
578,3474,689
579,1969,2122
581,458,3083
581,1397,1084
582,555,3000
582,2530,4840
582,3179,4672
585,518,825
585,3148,3128
587,3064,1822
588,1710,1845
588,1746,57
590,1062,799
592,191,1867
592,2527,4953
593,3295,1424
593,3596,62
595,4850,1478
596,1844,3303
596,4400,1294
597,1038,3460
597,4490,646
598,559,4410
598,1938,4609
599,4503,2184
603,1139,3287
603,3308,2588
604,3199,3673
605,1465,2161
605,1847,2207
606,733,605
606,2970,3425
607,2512,1118
610,3094,2043
610,4742,1539
611,1111,1606
611,3965,4765
612,762,1938
612,2890,4930
613,2976,1394
614,687,2935
614,714,2348
614,4190,891
615,3770,291
616,972,1009
617,2327,4847
617,2514,161
617,4877,3094
618,1589,401
619,3208,4150
620,3777,896
620,4050,4680
623,1190,1083
624,2243,1061
624,4707,1238
625,2769,2439
626,2119,4211
626,4267,3090
627,1465,4703
628,3268,974
628,3823,3573
630,4550,3223
631,3174,2234
632,4984,2082
633,1669,2869
634,776,1795
634,2747,3416
634,3492,4836
639,712,3232
639,1946,3824
641,2802,105
644,4476,3955
647,3118,3211
647,4442,3596
648,1107,4857
649,339,4321
649,4524,2414
652,269,791
652,3325,1699
652,4589,1892
653,1908,410
653,4707,3092
654,102,3497
654,176,923
655,298,2725
655,3356,2091
657,2776,3979
657,3323,1941
657,3758,3213
658,784,387
659,421,3661
659,943,2763
659,4181,822
660,2455,1446
661,3384,280
661,4288,896
662,3013,3946
663,2203,1669
663,3545,935
664,3525,4979
665,1680,4507
665,1817,4680
665,3252,4110
666,721,73
666,1892,334
666,3407,4172
670,460,571
670,1124,434
670,2687,1714
672,1558,2300
672,2131,4180
673,387,3659
673,3737,159
675,1998,4641
677,1262,817
678,343,2481
679,750,4588
682,2579,3814
685,224,4235
685,4910,4496
686,2150,708
687,4545,3371
688,462,4885
688,3995,830
688,4002,2194
689,1438,3402
689,2359,3265
689,4674,335
690,2082,3126
690,3456,779
694,4705,2223
695,300,2517
697,1075,3432
698,1884,3972
698,2534,2149
699,3757,195
700,3356,2247
701,1190,815
701,3365,4449
703,2235,1833
708,3399,1500
708,4102,2824
710,1816,1244
710,4332,2246
711,1207,2037
713,1878,2244
713,3496,418
714,3831,3029
715,3229,2266
717,663,2409
717,2356,1696
717,3152,1673
719,3729,2451
722,4744,4768
728,3180,1972
729,1263,2239
729,1805,3110
729,4794,1156
732,1663,1691
733,1489,2100
733,2878,3156
735,2374,4594
735,2390,3772
735,2816,3797
736,2176,800
736,4223,3694
737,323,1101
737,2915,269
737,4619,423
738,471,3460
739,169,1757
740,296,3302
740,4940,815
742,1432,2485
743,2801,2611
743,4500,4280
745,1580,1800
745,4365,1086
750,3432,870
752,4232,3752
753,1632,3680
754,678,2209
755,4274,3819
755,4429,4583
755,4947,3098
756,4026,820
756,4671,2220
757,4440,799
760,924,3482
760,4782,4212
760,4788,2582
761,1407,603
762,747,120
764,899,1880
764,4317,4558
765,2304,3717
765,2959,870
766,1149,3014
766,3995,4452
768,1221,3650
768,4394,4192
769,1993,4714
770,1993,1578
775,76,38
776,4205,3618
777,524,3693
778,3580,2570
780,4347,3802
781,3432,3498
781,3709,4584
783,1446,4461
783,2045,443
783,3756,136
784,4818,1612
785,2216,4841
786,1466,1072
787,4932,4816
788,2746,794
788,4909,4015
789,1151,4969
789,1973,4732
792,200,29
793,3152,3745
794,570,49
796,620,1828
796,899,1605
797,904,3641
797,4684,955
798,215,1796
798,1194,2411
798,2792,3280
800,3768,2592
802,2612,4394
805,1372,1116
806,4619,1402
807,3991,2343
810,516,137
810,2800,1155
810,2866,2228
810,3057,2495
810,3911,3629
810,4906,3997
811,3559,2915
812,1009,3301
812,1538,3092
814,3783,2504
817,821,3009
818,1975,2213
818,4159,2793
819,1267,4680
820,316,1743
820,3825,1693
822,867,1767
822,1556,3613
823,3316,389
825,800,1318
825,1364,1248
826,293,490
827,293,2044
827,909,235
828,2584,3294
828,4636,4955
829,4952,972
830,2826,166
830,4163,4078
831,3871,2438
832,1352,286
833,2701,1532
834,225,653
834,1290,4246
834,1827,2143
835,3413,4949
838,2512,3326
838,2836,4157
840,409,1700
840,1565,2885
841,964,3108
842,3704,681
843,20,66
844,4156,4537
845,2710,1385
846,2123,474
847,339,1393
849,2767,2846
851,4663,4715
853,2160,1790
853,3616,4088
856,2657,3736
857,875,2143
857,4174,1269
859,1866,4373
860,1877,2294
860,2205,884
862,3125,337
862,4226,1374
862,4563,383
864,633,3316
864,1308,2057
864,1465,2320
864,3301,3919
865,2672,1863
866,1387,2183
867,3243,1237
868,2042,4881
868,4318,4417
869,1258,4490
870,3631,2881
871,3169,725
872,921,2865
872,1949,862
873,1968,140
875,2179,1075
876,1047,2793
876,2899,1126
877,2445,3499
877,3424,267
878,1389,3620
879,979,3107
882,4538,890
883,3832,1841
883,3966,640
884,4626,1107
886,3,2660
887,927,4323
887,4837,3615
889,4,2615
890,1971,3474
890,2220,4261
891,4321,2713
892,3369,912
893,3038,152
894,4010,4100
896,4368,3617
899,38,1133
899,3029,1423
900,3504,4574
900,4907,16
901,488,691
902,4514,1665
903,634,3878
906,3989,2315
907,2917,2362
908,606,3438
908,3006,3903
909,1772,4664
910,284,102
912,13,4660
912,300,2982
912,2581,2183
914,1746,1278
922,1644,1842
925,2013,176
926,884,4603
929,3084,4938
930,4865,4838
931,2732,1986
931,2958,3833
933,1242,1479
933,1552,543
935,2660,2362
937,3974,784
938,4430,3407
939,139,2080
939,3859,1991
942,3723,1253
943,3178,262
943,4923,612
944,1412,4478
944,3051,1539
945,1124,698
945,2115,191
947,1554,3927
947,1642,2713
947,3216,2366
948,4078,1228
949,986,3867
950,438,1989
950,1907,1089
950,3849,2193
952,2191,3614
952,4881,1926
953,1899,2008
954,1605,3089
954,4790,175
955,3266,1154
955,3674,2871
959,723,791
959,1178,1596
959,1534,4073
962,1592,4314
962,3184,1715
963,2003,2
963,3768,3822
965,304,784
965,396,1092
965,2816,4035
965,3148,2347
965,4789,4371
966,3820,1251
969,355,2208
969,1804,1865
969,4363,2783
972,2988,3005
973,1477,1120
974,729,2265
974,2867,1620
975,3609,1844
976,1929,4059
976,3586,4035
978,3978,2825
980,1894,1763
980,4706,3188
982,904,3092
982,2313,2378
982,3234,657
982,4822,3974
984,3787,2727
985,4024,2712
986,3888,2622
987,977,166
988,598,2721
988,3921,2857
989,1607,2111
990,2403,2162
991,4148,105
993,917,1655
993,1824,2381
994,264,982
994,2857,4091
994,3450,4294
996,827,3439
996,1600,3611
998,2725,4848
999,4408,4474
1000,1570,1218
1001,2529,1168
1002,3281,66
1005,1177,363
1005,1305,4009
1006,1402,1042
1006,2926,1043
1009,1371,2988
1009,4999,403
1010,3444,1369
1011,635,2913
1011,1177,3061
1012,429,1012
1012,579,4583
1014,484,3506
1014,4699,2073
1015,3373,637
1016,448,4632
1016,1401,3924
1019,1456,2432
1021,3284,3064
1022,2616,937
1024,3674,427
1026,2902,826
1027,1957,4462
1028,3228,2048
1029,2047,3365
1029,4665,4292
1030,1658,3305
1033,1944,3333
1034,1662,1492
1034,1705,538
1035,1762,1299
1036,3326,1700
1037,2069,227
1039,1258,2356
1039,2199,900
1041,44,3999
1042,888,2921
1044,15,501
1045,250,4044
1045,832,566
1045,1238,1051
1046,4139,3157
1046,4865,1481
1047,1636,926
1048,597,1814
1048,1247,1143
1049,3271,1197
1050,525,4456
1050,1763,1045
1050,3949,3132
1051,571,1337
1051,1335,2874
1053,1487,835
1053,2132,4983
1054,2781,2820
1054,4576,1823
1055,1818,2206
1057,2062,0
1059,1840,4126
1060,1691,298
1061,3355,4921
1062,3854,4343
1064,3263,2087
1066,3162,3379
1066,4796,3310
1067,2052,2256
1067,3071,2738
1069,1325,1641
1070,397,4476
1070,4222,2357
1071,946,3027
1072,4231,4076
1074,4440,3222
1076,2799,240
1076,4218,2792
1077,414,3883
1078,3899,3666
1079,2630,1670
1083,105,4759
1083,3171,4049
1083,3869,2592
1084,3363,4211
1085,2719,451
1088,4198,2308
1090,1527,3376
1090,3833,1019
1092,84,1846
1093,239,2605
1100,1584,2472
1102,2434,2255
1102,3859,2435
1108,2904,2674
1108,4606,4656
1109,2786,1009
1111,2041,2100
1112,3395,2453
1113,1563,4431
1114,466,3934
1116,4576,1619
1117,491,4564
1117,2726,298
1118,1350,1793
1119,333,241
1119,2109,3956
1119,2465,3990
1119,3922,1092
1121,2307,2624
1123,1528,160
1124,380,1450
1125,215,2517
1125,1203,3681
1125,3449,1792
1126,4589,588
1127,974,4104
1128,3563,2867
1131,41,3478
1133,326,1432
1133,1581,1313
1134,1802,123
1134,2326,580
1134,3705,3180
1137,2269,149
1137,3784,1466
1139,1154,1926
1139,3190,3993
1140,3081,101
1141,2465,2970
1143,1759,1684
1144,3167,3659
1145,3165,182
1148,2757,2401
1148,3194,376
1148,3463,1159
1149,347,4299
1150,413,184
1150,1609,4110
1150,1664,600
1150,3489,3918
1151,2649,2813
1151,3054,893
1152,4613,4962
1153,389,3875
1154,40,3067
1154,837,4683
1154,2199,3456
1154,3920,1768
1156,3324,3671
1156,3371,2487
1158,756,2790
1158,1539,1224
1159,4173,4371
1160,4188,4743
1161,1692,1049
1162,263,2097
1162,683,2117
1162,1801,3477
1162,4931,1612
1164,1489,788
1164,2370,767
1164,3658,2739
1165,694,1009
1166,2041,2202
1166,2716,2432
1167,4840,2172
1168,4340,4928
1169,3370,2495
1170,193,3284
1170,4342,1439
1171,1080,1838
1172,1522,4940
1172,2603,1619
1174,363,1890
1174,940,1224
1174,2901,3064
1174,4143,3565
1176,124,1020
1177,129,2073
1178,2548,2058
1179,3667,743
1179,4292,3822
1181,2657,1193
1182,1761,1115
1182,1938,690
1182,2007,1852
1183,4588,2698
1185,506,1082
1186,2701,254
1187,230,3202
1187,564,4099
1188,2075,1380
1188,2433,3642
1188,2561,2335
1188,3582,4416
1189,4045,2817
1190,411,4475
1192,323,4125
1192,2364,3773
1192,4226,570
1193,1786,1854
1193,2742,1492
1193,4616,2461
1195,4588,1735
1196,3451,2353
1198,2932,1931
1198,3304,3544
1199,2482,3109
1199,4905,4008
1200,1679,3156
1200,1889,1300
1200,3400,1571
1201,150,2603
1202,4427,1530
1205,2112,1150
1205,2838,3636
1208,613,125
1208,3027,336
1209,3690,1076
1209,4348,2817
1210,2683,647
1211,2940,1018
1214,483,2869
1214,2012,3798
1214,2412,4159
1216,181,3515
1217,2450,1330
1217,4048,4816
1218,1846,4254
1219,1920,4595
1219,4136,3901
1220,1174,2822
1220,2581,4604
1221,616,4563
1221,3919,4167
1222,3340,3946
1222,4871,4788
1223,2186,478
1223,4509,4092
1224,1480,4477
1224,2628,3045
1224,4628,1740
1226,1495,2314
1227,814,1374
1227,1616,1260
1228,267,3302
1228,4896,1656
1229,2680,4026
1231,4525,3042
1233,1972,1199
1233,3383,1442
1236,674,4541
1238,2782,2436
1239,1815,1001
1240,2685,4026
1241,4012,1112
1248,3214,1672
1250,2625,2784
1253,1050,4299
1253,1540,3503
1255,2224,980
1255,4548,3586
1258,2707,1062
1258,4076,2117
1259,3494,3899
1260,3697,563
1261,1192,3065
1264,2988,2354
1264,3111,1651
1264,3460,757
1265,1288,955
1265,1746,1710
1266,2017,100
1268,2735,4807
1270,487,159
1270,4769,1148
1274,3719,3441
1275,472,350
1275,4246,817
1277,3290,4131
1277,4342,4218
1277,4350,3919
1278,183,184
1278,1679,51
1279,69,274
1279,800,3435
1282,552,3036
1282,1580,1109
1282,2119,1054
1283,4245,3007
1284,4900,3239
1286,3114,4885
1288,3956,2965
1288,4917,4040
1289,647,1025
1289,2866,2469
1290,1725,1840
1291,1541,3827
1291,4886,1396
1293,1178,4114
1293,3588,714
1295,1071,1639
1295,4200,3268
1295,4721,176
1297,88,421
1298,1877,675
1298,2035,659
1299,928,3201
1299,2514,2213
1299,3463,4238
1301,4440,4052
1303,1796,2283
1304,1516,1466
1305,1067,770
1306,1562,2082
1306,2875,1176
1307,4279,2690
1308,3149,400
1310,279,97
1311,2985,3598
1312,3130,2618
1313,56,4839
1314,1856,2192
1315,2946,4559
1316,3012,3651
1317,47,4946
1317,251,1004
1318,1621,1344
1319,2361,4908
1319,2686,440
1319,2714,3768
1321,2501,683
1322,584,1648
1322,1067,3461
1326,2220,1922
1327,1742,1637
1327,2472,436
1330,3232,855
1331,652,1770
1332,2291,3045
1332,3585,2935
1335,1653,460
1335,1776,4687
1335,2163,1661
1335,2798,3432
1336,885,865
1336,2393,4352
1336,3798,1303
1339,1888,169
1339,4687,2001
1341,1467,4667
1342,1287,1282
1342,4045,583
1344,4486,4376
1345,506,2690
1345,1095,557
1345,1490,2503
1346,4052,3735
1347,679,4962
1347,3545,4079
1349,4138,2602
1352,4962,2621
1353,4107,1704
1354,3019,4668
1356,636,1407
1356,3545,3674
1357,2644,716
1357,4820,52
1358,2354,221
1358,4335,4396
1359,4176,3095
1360,1626,4434
1360,2097,391
1360,2226,4403
1360,4604,978
1361,2807,363
1362,1066,3056
1363,820,300
1364,4018,1420
1365,412,2845
1367,854,1075
1367,1689,1988
1367,1796,481
1367,3373,1235
1368,838,4796
1368,3904,1474
1368,4400,4954
1369,4445,894
1371,3623,3647
1371,3665,2108
1371,4852,385
1372,4557,4740
1373,659,4410
1373,2430,2973
1373,2441,3232
1373,3435,2099
1373,3487,862
1376,2099,3412
1377,663,1990
1378,287,4249
1378,3223,4861
1379,1212,2204
1380,3838,2711
1381,2082,787
1381,3294,1648
1386,1064,2766
1390,1604,4335
1393,2119,235
1395,4810,167
1397,4266,2221
1399,3703,2988
1399,4773,3633
1400,2240,1612
1400,4098,1712
1402,1560,762
1404,2594,373
1408,157,2412
1408,2148,2992
1412,764,1507
1412,2099,4312
1412,2343,1457
1412,2470,1720
1413,1277,3721
1413,1500,4795
1415,460,3815
1415,2420,1161
1415,4436,3097
1416,4304,2115
1418,663,1170
1419,4223,1490
1420,853,4323
1420,1854,1242
1420,2297,533
1421,2070,2509
1421,3788,906
1422,446,1875
1422,2815,4749
1423,1991,3289
1423,4726,660
1427,632,971
1427,2451,664
1427,2951,2179
1427,3267,3570
1428,879,1578
1428,3590,1979
1428,4316,1707
1429,4817,3697
1430,1474,1036
1430,2823,4463
1430,3087,3046
1431,3345,1656
1433,1065,818
1433,1389,1972
1435,532,4645
1435,1006,726
1436,4197,1285
1436,4310,2961
1437,1966,3214
1438,94,3821
1438,292,2580
1438,878,2858
1439,3888,970
1440,2472,350
1440,2742,2314
1440,4160,4958
1440,4240,4642
1442,2645,1704
1443,2330,1612
1444,2240,3683
1444,3402,3596
1446,4894,726
1447,2059,3080
1447,2784,1662
1447,4299,484
1450,1523,1907
1450,3644,3582
1451,1331,4906
1451,1999,275
1453,3473,2860
1453,3622,3322
1454,1375,4624
1455,2216,771
1457,221,757
1458,36,4517
1458,4923,1527
1459,1544,2982
1460,1573,4309
1461,214,4181
1461,329,2918
1461,4921,2544
1462,4597,723
1463,1257,2355
1466,2928,43
1466,3865,4583
1468,896,4996
1468,2359,2821
1468,3885,3032
1470,2861,4484
1470,3627,1469
1476,891,2872
1477,575,2636
1477,1654,2314
1477,4892,1605
1477,4906,816
1478,233,3297
1478,1852,4104
1479,4951,1922
1481,871,1636
1481,2045,2585
1481,4594,4773
1482,377,4922
1482,4693,2383
1483,4314,1363
1484,2757,1756
1486,2346,86
1487,427,2164
1488,2248,3319
1488,2340,2005
1488,2382,4454
1488,4884,4338
1489,1938,2083
1490,258,1668
1490,3237,3182
1490,3358,2167
1490,4522,2724
1491,3034,777
1494,557,1619
1494,3729,1667
1495,1883,3151
1496,615,4157
1498,859,3865
1498,3481,672
1500,3759,1371
1501,2726,3838
1501,3403,2244
1502,395,2415
1502,2992,3174
1503,706,4270
1503,4065,1092
1504,2597,1339
1505,1620,298
1506,4800,10
1507,4362,4625
1507,4387,4838
1509,3094,4595
1511,3141,3796
1514,3733,3001
1514,4577,3263
1517,1923,727
1517,3893,4594
1519,824,4143
1519,1143,2442
1520,3462,578
1520,4537,1252
1521,661,1829
1522,14,919
1522,2780,2663
1522,2787,4232
1522,4120,3821
1522,4291,4419
1523,621,3729
1523,861,799
1523,2469,2084
1524,2364,4662
1525,126,4006
1525,4694,3530
1526,522,1433
1526,1094,3406
1526,3742,51
1526,4105,1819
1526,4506,225
1527,212,1220
1528,4740,1995
1532,2632,346
1532,4032,3663
1534,2304,3946
1538,760,1799
1538,1898,3715
1538,3958,2088
1539,3317,4385
1540,3178,3334
1541,2660,2178
1546,2153,4618
1547,2669,3409
1548,3730,659
1550,3688,2827
1551,863,1839
1552,1505,361
1552,4501,1641
1554,119,215
1554,4158,3210
1555,4296,4290
1557,2991,3054
1558,2682,491
1559,2547,44
1561,2207,2438
1561,4238,3023
1562,417,382
1565,499,3506
1568,296,4363
1569,1620,3237
1571,1239,4061
1571,1666,2089
1571,4356,4049
1571,4634,2609
1574,3542,2329
1574,4016,4353
1577,1022,4606
1578,16,4377
1579,246,737
1579,262,2881
1580,702,160
1581,470,1670
1581,3484,2471
1582,2839,4368
1582,4625,3684
1583,1068,707
1583,1183,2297
1588,1123,686
1589,757,2745
1589,2203,4033
1591,396,2788
1592,1403,1764
1593,1232,2942
1593,4216,1915
1596,528,1126
1596,532,4484
1596,2859,263
1596,3485,2092
1597,201,3199
1598,3636,1224
1599,1928,1352
1600,1573,79
1601,549,1893
1602,115,441
1602,565,940
1603,4927,536
1604,3285,3489
1605,2667,4002
1606,1031,3181
1606,1707,3845
1606,3129,2445
1608,2061,1080
1610,640,30
1610,823,1429
1614,271,2333
1614,302,1726
1617,2039,764
1617,3129,1069
1617,3677,2762
1619,3739,4874
1619,4279,482
1619,4374,2442
1620,2027,4696
1621,2622,3753
1623,155,780
1623,2215,3534
1625,922,59
1625,1915,2161
1626,2428,1403
1629,1279,3878
1629,2270,3362
1631,81,4991
1636,3999,2387
1638,3242,1224
1638,4894,2577
1639,1264,192
1639,2496,4702
1640,4036,380
1642,3525,1626
1643,962,3542
1643,2104,1701
1643,4405,4338
1644,632,1070
1644,2443,3707
1644,4809,1448
1646,2229,3519
1646,2744,3576
1646,4108,4761
1648,110,1259
1648,3455,4695
1649,3474,784
1649,3605,4084
1649,3883,4845
1652,362,2961
1652,2394,4404
1652,3549,1799
1653,627,3490
1653,786,2164
1653,3871,2801
1654,396,2405
1654,1773,2349
1654,2482,2445
1654,3762,1
1655,1249,4501
1656,1710,1853
1656,4254,3168
1658,679,490
1659,4544,3471
1660,2261,2171
1660,2450,1348
1661,4436,4521
1666,59,4129
1666,1447,452
1667,1559,2405
1667,2437,298
1667,4445,2071
1667,4632,4875
1668,3733,2058
1668,3929,516
1668,4370,492
1668,4779,2861
1669,708,659
1670,1690,522
1670,2964,3454
1672,4077,28
1673,524,3474
1674,2630,963
1674,4110,118
1675,286,3529
1675,1240,514
1675,4305,2495
1676,4748,3761
1677,1186,2842
1677,2236,3720
1677,4699,1648
1678,4365,3511
1681,1494,1924
1684,362,2616
1684,1661,2437
1685,2165,2697
1686,75,3580
1687,2671,1068
1691,3940,273
1694,4070,4204
1696,4540,2618
1697,567,24
1697,1940,4289
1699,4036,3567
1700,4666,3010
1702,605,3330
1707,613,1328
1710,3947,4836
1711,3469,2860
1712,364,3862
1712,2093,1261
1713,3431,637
1714,3291,4245
1714,4209,3227
1714,4810,3393
1718,312,4669
1721,2853,1567
1722,2748,560
1723,4581,3329
1724,2691,3564
1724,4591,1628
1726,2198,3964
1727,4913,1005
1728,166,3371
1728,209,2161
1729,297,944
1730,2038,3427
1732,1100,2469
1732,2600,3543
1733,663,2786
1733,4917,2617
1734,4847,3460
1735,4146,139
1736,4818,3633
1738,2981,73
1739,2739,311
1740,1342,3575
1740,1411,2609
1740,2887,115
1741,736,1571
1742,2499,1985
1743,1712,2449
1743,4987,595
1744,2031,3521
1745,382,1994
1745,968,4545
1745,2981,3605
1748,2794,4937
1748,3505,395
1749,1428,211
1749,1822,174
1749,1850,2361
1749,3296,576
1750,4577,2129
1751,4705,2586
1753,1574,3891
1753,3070,4171
1754,1208,2380
1754,1926,3696
1755,464,2064
1755,3793,3010
1756,2097,1255
1756,2417,2298
1756,2692,1336
1758,1403,3844
1759,410,1401
1759,2532,456
1759,2796,4892
1759,3343,4927
1759,3764,2226
1761,1291,2798
1763,3323,3567
1764,1,745
1764,2731,4498
1765,3075,3613
1765,3573,1768
1768,2660,4110
1769,4040,2936
1770,186,2347
1770,4461,4587
1772,3009,1593
1772,3011,3315
1773,3260,4842
1775,534,4298
1776,3877,1905
1777,3480,2981
1779,2349,2968
1779,2531,1072
1779,3404,4020
1781,845,3322
1782,1046,3894
1782,1964,1206
1783,4209,4551
1786,3897,4667
1787,2083,812
1787,2835,4983
1790,2724,4742
1790,4049,4770
1791,366,399
1792,1270,1998
1795,989,2694
1796,3872,3797
1797,3683,4573
1798,3250,2547
1799,4357,1032
1801,1714,2238
1801,2854,4645
1803,2863,981
1803,3267,4291
1804,3029,3637
1804,3175,4890
1805,3209,1855
1805,3286,3099
1805,4050,4211
1806,3211,304
1807,116,4638
1808,1150,3204
1808,2350,1690
1808,2675,2850
1808,3473,4793
1809,3435,1401
1809,3901,4654
1810,3255,1746
1811,688,3440
1812,87,881
1812,514,2451
1812,1495,79
1812,3438,566
1813,4177,50
1815,1599,4098
1817,1442,2557
1817,1520,2524
1818,619,552
1819,4906,940
1820,502,1704
1820,4617,3501
1822,3749,4957
1823,458,3145
1823,1224,3037
1824,845,614
1824,1705,129
1825,1589,3718
1825,2935,2747
1825,3419,3714
1826,1185,2343
1827,2233,2615
1828,421,3812
1829,1344,2040
1829,3555,3077
1830,1327,3826
1830,3866,776
1830,4551,212
1831,4247,897
1831,4269,734
1832,3415,3446
1833,3295,2532
1837,1645,4132
1838,625,2119
1838,4204,3939
1838,4313,2022
1839,1662,4934
1839,4076,215
1841,4279,852
1842,3270,4602
1842,4339,4729
1843,2550,2040
1846,1005,2649
1846,2870,925
1846,2986,4617
1847,1333,2565
1847,2370,1310
1848,4307,4738
1849,2164,1406
1849,2585,1012
1850,1658,4059
1850,2200,623
1850,2891,3581
1850,2893,1560
1851,1398,3912
1851,2948,1505
1851,4886,3117
1853,4204,659
1853,4391,2589
1854,2399,4263
1856,691,4282
1859,223,304
1859,1426,2244
1860,3323,3927
1860,4377,1056
1862,2519,4223
1862,2527,544
1865,4613,2830
1865,4895,4101
1866,3152,1093
1867,927,3494
1867,2677,3170
1870,4858,2841
1871,3490,2990
1873,4307,4361
1874,2449,3984
1874,3391,2286
1875,3689,2996
1876,850,3204
1876,1808,3193
1876,2800,2790
1881,3226,4905
1881,4444,1586
1881,4579,3979
1882,451,3288
1883,2472,4827
1884,331,1880
1884,418,3054
1886,1507,2300
1887,2170,1051
1888,1355,4311
1888,2945,2986
1889,3828,1341
1891,3620,4057
1892,4228,2732
1894,127,1708
1894,941,4083
1896,3265,1403
1902,4283,4869
1903,3263,1514
1907,1399,4963
1908,3876,2111
1909,1842,605
1909,2212,1807
1911,4557,178
1912,2801,3975
1913,4540,24
1915,2770,751
1915,4565,2754
1919,22,2178
1922,1448,3215
1922,2163,3411
1922,2297,3718
1922,2823,3267
1923,1145,2192
1925,979,3025
1926,450,1124
1927,2290,2919
1928,3247,330
1928,3300,385
1928,4619,2707
1929,3911,4409
1929,4034,2273
1931,2942,3363
1932,2253,4819
1933,1351,1617
1934,1138,4688
1935,4635,750
1936,4162,3160
1937,1445,2706
1938,510,785
1938,1390,1881
1942,2880,1765
1943,3457,76
1945,2800,4843
1946,1327,4871
1951,3128,3015
1953,84,4438
1953,4541,578
1955,4591,3158
1957,1984,2677
1957,4024,3130
1958,3614,4075
1959,2644,1643
1959,2826,4213
1959,3555,3046
1959,3987,3066
1960,4920,1265
1961,1231,4883
1961,3820,1764
1962,4841,54
1964,1034,935
1966,445,3842
1966,4200,389
1968,308,3724
1968,1161,1447
1972,2306,4365
1972,2944,1953
1972,3613,3113
1975,4761,212
1976,480,3068
1977,567,1586
1977,1969,2586
1978,3667,3642
1978,4571,1018
1984,1007,2459
1985,2966,1173
1986,674,4386
1989,4485,3225
1990,3354,1613
1990,4133,4445
1992,4247,2136
1992,4282,331
1994,1620,439
1994,3348,3686
1995,1132,2683
1995,1470,2478
1996,303,4667
1996,4022,685
2000,1212,2013
2000,2543,3192
2002,1293,1146
2004,800,3547
2006,2703,3785
2006,3813,4660
2006,3856,4947
2007,1348,3579
2007,1811,678
2008,375,3985
2008,880,2727
2009,1106,4821
2009,2039,471
2010,3718,4689
2011,626,3920
2011,1100,326
2015,778,1196
2015,2987,2065
2017,1436,1543
2018,1513,3112
2018,3520,4159
2019,2381,760
2019,2656,4593
2022,2693,1201
2022,3443,2134
2026,1901,4932
2026,3390,40
2028,875,181
2028,3782,2631
2028,4564,2241
2028,4747,3906
2029,1833,2834
2029,3438,2472
2030,294,1982
2030,3663,153
2031,3386,1990
2033,289,2182
2033,995,3368
2033,1515,4894
2033,2760,2615
2033,3799,1937
2036,3543,3098
2036,4797,88
2037,696,3909
2037,1343,1806
2042,26,1425
2045,137,3433
2045,3847,2823
2046,2441,2063
2051,3494,755
2051,4981,4475
2052,3003,4494
2053,4709,4523
2054,3937,2075
2054,4805,1916
2054,4874,2369
2055,864,2718
2056,2229,4306
2056,2542,3833
2057,1552,2670
2059,536,3569
2059,1607,3443
2060,4717,2269
2061,965,1943
2062,105,1473
2063,1882,2021
2063,4195,4402
2064,156,4750
2064,240,2708
2065,1250,3047
2065,4315,4724
2068,3055,3369
2069,4445,3999
2070,4889,862
2071,2967,4008
2071,4815,4163
2075,943,536
2075,1556,1040
2075,1859,311
2075,4112,804
2076,341,1932
2076,1585,1743
2076,3895,1821
2077,1443,1239
2077,2043,3239
2078,215,1438
2079,714,4191
2079,2612,4082
2080,1865,2217
2081,1875,3452
2081,3384,3887
2081,4942,2392
2082,1085,2183
2082,2328,1697
2083,2312,319
2086,1265,206
2086,1438,1041
2086,1615,618
2086,4921,639
2090,3159,2191
2090,4228,3549
2091,604,491
2091,1377,4143
2091,2989,4338
2092,2186,2676
2092,3266,2639
2093,1804,776
2094,4125,1922
2098,3237,4048
2102,1850,420
2103,385,4948
2104,4794,3641
2105,21,2977
2105,3462,1963
2108,111,1016
2108,3261,4444
2108,3455,3088
2111,1759,363
2111,3751,845
2114,4112,2731
2115,1039,800
2115,1791,1825
2117,2871,660
2118,3098,3211
2120,606,1286
2120,3135,3548
2120,3871,2544
2123,1154,643
2125,4745,309
2126,1407,3663
2126,2926,2943
2126,3736,1499
2127,1684,3962
2128,220,1276
2128,4746,3519
2129,739,3965
2131,2926,4029
2133,2061,1827
2134,2223,2287
2135,2516,3493
2135,4971,966
2136,4287,1110
2137,447,3182
2138,1479,4951
2138,2230,1532
2139,1871,3384
2140,2052,2893
2141,2154,4756
2141,3544,3674
2142,266,1438
2147,704,3970
2147,3382,764
2147,4337,277
2149,497,3632
2150,1081,3662
2154,4816,3492
2155,4110,3713
2159,1361,4521
2159,4670,433
2160,2056,2991
2160,4216,84
2162,926,2847
2162,1007,3589
2162,2934,2395
2162,3141,3666
2164,4243,221
2165,1608,1009
2165,3175,2825
2170,1261,1742
2170,3440,4470
2172,1498,4847
2173,877,4722
2173,1013,3806
2174,1661,4802
2177,556,2293
2181,1444,2851
2183,474,192
2183,4440,1729
2184,884,4404
2185,547,1436
2185,1711,3509
2186,1298,1247
2187,1811,1070
2187,2494,153
2188,157,4883
2189,3649,3994
2190,2724,425
2191,1018,3781
2191,1377,4922
2192,3891,1803
2193,486,1829
2193,3473,4220
2194,2624,1482
2194,2804,4609
2195,3961,3696
2198,2494,3258
2200,1907,2523
2201,128,822
2201,860,3856
2201,1947,1436
2202,2338,3670
2202,3571,317
2204,1101,4398
2204,1661,1108
2205,469,2664
2205,2742,2021
2207,622,4554
2209,3286,2479
2210,2547,3094
2212,554,4800
2212,3247,218
2213,4538,3142
2214,2806,2754
2216,956,4131
2216,3343,4443
2218,3742,2720
2218,4182,2803
2219,1330,428
2219,1405,2389
2219,4335,292
2219,4826,3640
2221,522,3586
2222,245,4288
2223,1352,4805
2224,311,910
2224,449,2036
2225,452,2823
2226,4661,485
2229,2439,3305
2229,2982,4011
2231,383,1127
2232,291,3585
2233,279,2935
2233,3765,1696
2233,4313,2726
2235,3371,2787
2236,2445,715
2237,2460,1290
2237,2640,4518
2237,2760,4984
2238,871,1459
2239,365,1351
2240,4372,3906
2241,4859,2795
2243,4760,3244
2244,1977,4049
2244,2099,941
2244,2949,2213
2245,4353,3944
2246,690,2939
2246,1195,3394
2247,972,869
2252,2849,2673
2252,4307,4371
2253,1991,1629
2253,4891,3501
2254,437,4067
2254,4470,1457
2255,2105,3846
2256,1541,4943
2257,1934,187
2259,4540,868
2260,471,3072
2260,3163,363
2260,4347,1816
2261,3374,1124
2261,4461,141
2262,4587,966
2264,1614,2687
2266,3987,2444
2267,82,2409
2268,806,2296
2269,1963,1887
2270,3810,484
2271,1089,2107
2271,2770,1688
2271,4588,4083
2273,2007,1644
2274,3053,630
2276,3365,2545
2277,102,2191
2277,3906,1326
2278,341,715
2278,1320,3344
2279,2910,3148
2279,4335,2522
2280,3948,4094
2281,1642,1360
2282,3967,1450
2283,2548,3494
2285,656,3364
2287,605,3622
2288,287,1159
2288,3231,981
2290,3854,1666
2291,1493,4485
2291,4370,28
2292,45,1282
2295,3501,4642
2296,905,2885
2296,3340,4483
2297,2340,4695
2298,1807,3719
2300,733,1365
2300,2751,2151
2303,1471,1362
2304,1101,3325
2304,2403,1467
2305,2132,2859
2307,1054,804
2307,2402,322
2309,997,1210
2309,4853,2322
2310,1638,2350
2310,2669,1531
2313,184,3902
2315,1674,1312
2317,628,4819
2318,1987,3564
2318,4077,1421
2319,3419,4834
2319,3629,4734
2320,731,1026
2321,2220,4010
2321,3543,3201
2323,424,3268
2324,969,770
2329,2195,1511
2337,2017,3963
2339,163,1386
2339,4328,191
2341,257,711
2341,2068,151
2344,1642,4573
2344,2178,4989
2344,4985,2648
2345,160,4920
2345,3392,1722
2345,4662,4751
2350,1079,323
2352,1576,4857
2353,1098,3844
2353,1123,4918
2354,2869,518
2356,714,1664
2356,2069,2803
2357,1436,3504
2357,2057,1205
2357,2425,2164
2360,2316,3027
2362,4624,2962
2363,3363,1837
2366,4812,4219
2367,3054,4451
2371,4493,768
2374,249,866
2375,3170,2460
2377,4756,333
2378,3702,1667
2380,3103,4625
2381,2433,3819
2383,1479,1057
2384,4738,1065
2385,1677,317
2387,1693,927
2388,179,3914
2390,30,399
2391,4866,4461
2392,3218,494
2393,4300,1224
2394,1905,4035
2396,1119,2556
2398,2209,3485
2399,1511,3960
2399,1619,214
2399,2572,2510
2401,4733,1022
2404,2312,3314
2404,2498,2847
2405,2132,314
2410,807,3856
2411,3945,4579
2413,886,3923
2414,3814,2931
2415,4637,921
2415,4818,3879
2416,2072,222
2417,2148,4759
2417,2366,641
2418,540,3417
2419,2519,520
2421,115,2067
2421,814,4560
2422,645,4216
2422,3848,926
2422,4372,2355
2424,479,958
2428,4270,3166
2429,3962,3510
2432,804,3871
2432,917,2337
2432,4188,2663
2436,685,3251
2437,1055,4429
2437,2445,640
2438,3151,2314
2438,4201,2629
2439,458,4112
2439,1341,2029
2442,2812,2339
2443,70,1521
2443,1673,1361
2443,4021,234
2445,1535,13
2446,4036,1899
2447,2354,2176
2448,2259,3943
2448,2351,3182
2448,3157,2728
2450,2512,4070
2451,1885,4903
2452,4493,1739
2453,2051,3064
2453,4846,3656
2454,1367,592
2455,409,410
2455,2415,2869
2455,4220,1741
2456,881,1882
2456,4107,2545
2456,4295,42
2459,2822,3302
2459,4564,2972
2461,3732,2454
2466,501,828
2466,743,3309
2467,3249,35
2467,4028,1181
2468,4699,3347
2470,4257,2788
2470,4467,1973
2471,4324,3798
2471,4380,3536
2472,564,1009
2473,332,2537
2473,1363,3926
2473,4240,1573
2474,2601,188
2477,3863,4600
2480,357,3274
2481,376,4201
2482,2275,4324
2483,1238,2294
2483,2821,4170
2483,2973,3765
2486,2370,1577
2486,4036,2741
2487,1574,3239
2491,4067,3513
2497,1161,3188
2497,1175,245
2498,553,3127
2498,1613,1994
2498,4269,4349
2498,4645,3232
2499,2461,3992
2501,2038,564
2501,3866,3918
2502,124,4212
2502,2982,4345
2503,3942,3072
2504,426,3193
2505,926,1003
2505,2456,4518
2505,3541,629
2507,165,1128
2507,2085,4557
2507,3016,1420
2508,1588,3438
2509,4876,3000
2513,733,1979
2513,975,3607
2514,260,4958
2514,1211,1091
2514,4855,3033
2515,1205,2453
2516,251,2686
2519,2862,3498
2519,4004,2497
2519,4012,768
2520,3120,1775
2521,3912,797
2522,4609,460
2523,3739,2085
2526,4132,4371
2527,229,131
2528,793,4577
2529,1219,702
2530,2600,494
2533,2598,669
2534,515,3687
2535,2895,4600
2535,4448,1189
2536,3370,468
2537,2215,1131
2537,4026,1209
2537,4565,2909
2538,1094,4197
2541,4352,2961
2542,3253,3767
2544,3824,333
2545,2700,3559
2546,112,251
2546,1338,149
2546,3036,2454
2546,4140,3353
2547,4118,4639
2549,4259,1397
2550,3942,4691
2552,2130,15
2552,4239,335
2553,24,798
2554,3500,4178
2556,200,4900
2556,1939,4868
2557,1990,3636
2558,4485,1439
2561,123,1909
2564,2272,3339
2565,2547,1948
2568,1777,4962
2569,3584,341
2569,3806,3155
2569,4901,3565
2570,754,4986
2570,1011,915
2570,2268,3375
2571,1107,2910
2574,2978,4253
2576,633,1573
2576,2133,2847
2577,107,2132
2577,820,1543
2577,1955,4949
2577,3506,2700
2577,4713,4045
2578,3887,793
2579,532,3118
2579,919,98
2579,2086,872
2579,3149,1317
2579,3346,1700
2579,4299,689
2582,2619,1560
2584,1221,4641
2586,1887,3470
2587,3370,2066
2590,2149,1337
2590,3521,3173
2591,1002,26
2594,4764,1477
2596,1411,1052
2596,1569,3408
2597,237,2693
2597,2076,1555
2598,3974,964
2599,3599,965
2600,1143,2742
2600,3976,4665
2601,3561,1405
2602,1553,1982
2602,3838,903
2603,584,46
2603,1841,2713
2604,3864,799
2606,2147,2026
2608,1113,1138
2608,2142,3711
2608,3153,725
2609,480,3765
2609,3163,3683
2611,2679,3183
2612,985,4898
2612,2467,3883
2612,3542,2569
2614,247,2714
2615,779,3281
2615,902,4536
2616,4508,4752
2617,91,787
2617,2004,1892
2617,3082,3874
2617,3211,3597
2618,3140,852
2619,4204,4738
2621,1033,1365
2621,3918,3166
2622,533,107
2625,83,3132
2627,161,2459
2627,4094,2805
2627,4689,467
2628,4875,3140
2629,2509,345
2631,892,4558
2631,2765,253
2631,4986,1255
2632,4674,3787
2634,688,362
2634,4303,800
2639,3995,4314
2640,275,3120
2640,2105,2946
2641,2319,3843
2642,403,1816
2642,3290,407
2643,501,987
2644,1392,2134
2644,2043,1541
2644,4684,440
2645,4442,3074
2645,4702,517
2648,388,805
2648,3238,408
2649,3400,3494
2652,923,2450
2652,1382,959
2652,2806,3488
2652,4376,189
2653,4633,4095
2655,1998,3287
2658,451,4421
2658,3416,282
2658,3948,1808
2659,40,3377
2661,1656,1134
2661,1943,1137
2662,3384,3701
2664,4495,1465
2668,2165,3711
2669,2038,2068
2671,166,273
2671,629,4744
2672,120,2797
2672,3052,3493
2675,4833,3647
2678,3432,1108
2680,3833,3584
2681,1332,4189
2682,3435,2208
2684,707,4144
2684,2456,2748
2684,4814,4639
2686,4251,741
2687,2408,1821
2687,3893,439
2687,4379,3251
2689,1538,1381
2689,4173,1916
2691,241,4013
2691,1039,1114
2692,2815,2779
2693,1192,3845
2693,4679,4937
2694,177,1958
2696,1178,4433
2696,4423,1519
2697,2181,1903
2698,2423,1121
2699,4136,3113
2702,1522,4628
2702,2826,4297
2702,3802,550
2704,2450,2854
2705,2245,969
2706,679,1971
2706,1606,2471
2708,3902,4854
2710,3344,3586
2711,3877,3234
2712,94,3956
2712,770,2844
2712,2520,961
2712,3377,1757
2712,4703,885
2714,4266,2760
2715,411,2697
2715,2857,595
2716,1201,4917
2716,2017,1490
2718,909,2448
2720,1208,4901
2721,1473,3741
2723,530,2227
2724,3942,4403
2727,1717,1066
2728,894,1875
2728,1484,670
2728,3870,2287
2730,1124,577
2730,1903,2269
2734,4283,1640
2736,4867,3825
2738,3090,343
2739,601,3915
2741,148,3138
2741,1265,2680
2741,2935,3504
2742,2737,991
2742,3684,2479
2747,1630,1683
2749,4866,3349
2749,4934,3582
2750,2346,1797
2751,2811,2662
2754,565,3791
2754,1906,1383
2756,1970,3829
2757,4745,3212
2757,4897,1775
2757,4944,880
2759,3977,2338
2760,802,1045
2762,49,4256
2762,2466,4856
2763,1341,541
2763,2372,3274
2764,3577,4487
2765,4232,2354
2766,1512,2522
2766,1519,3817
2768,85,2335
2769,136,3247
2769,1733,4923
2769,2130,466
2769,3959,2832
2770,2147,4208
2771,221,4260
2771,1248,3045
2772,2035,4564
2772,4140,3953
2774,237,2031
2774,3383,2244
2775,551,2008
2775,1815,3956
2775,2265,3264
2775,2641,4845
2776,4057,3502
2776,4689,4147
2778,2841,2954
2783,3949,3872
2786,3630,176
2786,3921,3770
2786,4026,1268
2787,166,3086
2787,3142,3417
2789,1855,805
2795,1256,2680
2797,4878,3240
2800,1784,81
2801,670,2043
2801,1183,778
2801,2905,3684
2802,3435,4613
2802,3863,732
2804,3267,909
2805,4217,3183
2808,2746,1847
2809,3104,855
2812,1837,4110
2813,1971,1542
2815,3402,3841
2815,3652,4406
2815,3824,313
2815,4335,3580
2815,4345,4993
2816,4544,2695
2818,769,1701
2818,2907,2268
2819,1566,3181
2821,4322,1275
2822,340,103
2822,1411,3742
2823,309,1487
2823,3808,3266
2824,3648,1354
2824,4417,8
2825,1447,965
2826,3928,3172
2828,2507,308
2829,3579,2097
2830,3042,3600
2830,4615,4271
2831,4886,1345
2833,3724,4803
2834,4279,4594
2838,411,851
2840,125,2644
2840,1109,689
2841,2965,1360
2841,3127,2240
2841,3860,2719
2842,4160,178
2844,594,189
2844,1451,3537
2850,4626,2617
2851,1559,3298
2853,3311,4103
2854,2447,2228
2854,4723,1328
2858,11,2029
2858,294,3766
2859,713,303
2859,3259,3834
2863,3210,3429
2864,1457,245
2865,2713,3895
2870,3665,694
2871,1388,2766
2871,3057,1809
2871,4381,1730
2871,4536,4517
2872,101,1459
2873,4405,4419
2873,4782,33
2874,1751,4070
2874,2012,4538
2875,450,4388
2875,575,4102
2877,4044,1127
2878,1306,3825
2878,4651,3578
2880,2698,4064
2881,3723,4069
2882,528,3159
2883,4468,1617
2884,623,225
2884,889,61
2884,1257,2935
2885,41,3523
2885,2193,597
2885,3326,304
2887,1812,2886
2887,2388,3007
2887,2945,3751
2888,2885,4164
2889,3772,2358
2889,4381,1294
2890,674,357
2892,926,3057
2892,2157,850
2893,1420,3144
2895,282,3198
2896,4562,2803
2898,248,1889
2900,1854,1720
2900,4301,632
2901,169,1222
2901,1299,1714
2901,3631,4944
2902,2690,1509
2904,973,1076
2906,179,3273
2906,398,4778
2906,914,3429
2908,889,4060
2909,1548,4197
2912,2705,3074
2914,106,1791
2914,957,4105
2914,1754,3200
2914,3391,3764
2915,273,4218
2916,1940,1334
2917,2885,1623
2919,750,4574
2919,3242,2455
2919,4513,1159
2922,730,1178
2922,1428,3723
2923,2846,2302
2923,3614,3453
2925,3445,3037
2926,3644,3968
2927,2911,1833
2928,3779,2062
2928,3995,142
2929,549,4503
2931,2216,4967
2934,1971,3767
2934,2159,3769
2934,3008,3144
2934,4609,3435
2935,1385,4299
2936,1585,1731
2936,3242,1815
2938,2156,2172
2938,3414,1485
2939,1998,3262
2941,33,2309
2941,301,3662
2941,1735,4170
2941,4320,1280
2941,4426,608
2943,2561,2115
2944,2473,2120
2944,3996,4407
2945,1533,315
2946,150,676
2946,489,4824
2947,1893,1123
2947,2318,1830
2947,2540,4129
2947,2780,4727
2952,1645,1194
2953,3054,867
2953,3406,4489
2953,4906,3545
2956,90,2042
2956,1012,1387
2957,2168,1619
2959,2913,451
2960,3342,4207
2960,4890,2517
2961,341,3460
2964,782,4346
2964,1159,4204
2964,1882,14
2964,3253,2258
2966,4576,1100
2967,3539,191
2968,1025,2194
2968,2196,2269
2969,3673,2104
2971,744,2861
2973,438,3852
2973,4548,1513
2975,3527,346
2978,710,2567
2978,1848,3157
2978,2372,3104
2980,953,1964
2981,1185,570
2982,112,1436
2982,259,1414
2984,151,3844
2985,3012,4655
2987,1616,1943
2988,1833,45
2988,3159,1911
2992,2345,1642
2992,3929,1880
2993,3892,819
2995,1653,2564
3000,4251,4158
3001,1775,2565
3004,3141,2349
3005,2059,3082
3005,4783,1301
3008,2573,2794
3008,4116,1356
3009,2179,2746
3011,1901,2187
3012,713,4134
3012,3069,3909
3012,4045,1446
3012,4441,81
3013,1486,2001
3014,1892,1050
3016,3407,1836
3019,1795,3241
3021,3807,2319
3026,2336,2914
3026,3977,2463
3028,3826,4881
3029,548,759
3030,1388,4317
3030,4984,3368
3033,535,2285
3033,2146,4602
3035,2589,4721
3037,566,4178
3037,3257,4332
3038,1740,760
3040,299,4075
3040,2385,4382
3041,2460,229
3042,2936,3614
3043,4931,3761
3044,4392,865
3046,1957,2172
3047,363,3030
3047,979,487
3047,2801,4500
3048,980,3998
3048,4990,2152
3049,2121,1887
3051,1825,4960
3051,2572,456
3051,3848,713
3052,92,3977
3052,906,84
3052,4768,1795
3053,41,4537
3053,1209,3681
3053,1731,3943
3053,4096,1298
3054,388,1869
3054,3276,3414
3055,4920,2543
3056,1474,4818
3056,2560,1080
3058,4170,1048
3061,834,3934
3062,207,3391
3062,4375,1742
3065,1987,1927
3066,151,706
3066,3012,1688
3068,4263,2998
3069,3182,3200
3070,2031,914
3075,3477,2080
3076,1520,4602
3076,4829,376
3077,453,2374
3078,964,2103
3079,1519,1589
3079,4267,2211
3080,4031,838
3081,939,1114
3082,2326,3368
3082,3698,3182
3083,1133,1422
3085,300,2480
3085,2085,3134
3086,1162,1214
3087,1743,4032
3087,2199,2993
3089,2647,2138
3090,116,4383
3095,419,3899
3095,3567,2498
3095,3847,2568
3096,2303,1964
3099,2284,1589
3101,1016,4100
3104,1953,2693
3105,928,608
3105,4897,2820
3106,4948,1034
3108,584,3513
3109,543,2984
3110,2372,4505
3111,493,1614
3113,188,3443
3114,2745,643
3114,4770,2188
3115,605,3763
3115,1372,1786
3115,4185,4137
3117,153,1307
3118,237,4432
3118,302,3780
3119,2222,270
3122,684,1430
3124,3767,979
3125,2004,3734
3126,202,50
3128,1668,3360
3129,185,1808
3131,2666,3929
3131,2770,1178
3134,694,2715
3134,4949,1724
3137,3252,440
3138,1943,2570
3139,2035,4433
3139,2100,2196
3139,4731,540
3139,4865,3106
3140,662,2076
3140,872,3048
3140,3309,173
3141,2684,4763
3141,3713,2986
3141,3840,1875
3142,4547,1922
3145,2048,3420
3145,2222,2135
3146,278,3158
3146,344,2803
3146,1645,2275
3146,3300,1672
3147,245,3614
3149,1465,3942
3149,1815,2409
3152,1715,2210
3152,2058,3477
3152,2262,3269
3152,2278,3871
3154,3005,252
3155,2737,1754
3157,3153,835
3158,1898,2230
3159,4452,3236
3160,3596,3524
3161,1416,4054
3162,1133,3376
3162,3497,3482
3163,3919,4353
3166,1055,1977
3167,76,1697
3168,1602,590
3169,84,3313
3169,730,1445
3173,3005,1638
3174,322,817
3178,2213,2103
3179,2312,1063
3180,3162,3632
3181,2062,136
3181,3722,2396
3182,2854,2020
3182,2983,4929
3183,3128,1275
3185,424,302
3186,359,948
3189,1746,2253
3190,560,2668
3190,2232,639
3191,140,2291
3191,2401,1038
3192,649,560
3192,4390,3959
3195,2658,4754
3196,2963,227
3196,4295,816
3196,4958,3806
3197,1695,3221
3198,1456,3107
3199,1560,1058
3199,3240,3393
3199,4248,4470
3205,212,547
3205,2241,1275
3205,2534,4377
3206,3430,1095
3207,174,3582
3207,2762,4004
3208,1988,4776
3210,3194,4604
3211,704,4459
3212,4023,1187
3212,4141,2378
3213,452,2329
3213,730,616
3215,1244,1506
3215,3638,491
3216,1517,2698
3216,2241,471
3216,4048,2983
3217,324,1351
3219,2301,3984
3220,1598,3150
3221,640,4471
3223,3450,4049
3224,211,4199
3224,1830,1784
3224,3367,700
3226,2885,227
3227,2868,2089
3228,2878,4599
3229,2946,3355
3229,4233,3411
3230,801,327
3231,480,4998
3234,3418,4354
3234,4595,940
3235,579,2698
3235,753,2927
3235,4865,2604
3236,2013,749
3236,2084,2879
3237,1349,1189
3238,4280,2629
3240,3011,3751
3242,3376,4535
3243,1960,1761
3246,887,2021
3246,2100,4850
3247,3192,2778
3248,1607,1709
3250,4680,1718
3250,4732,3956
3251,2397,4291
3251,3415,4208
3253,4617,561
3258,2841,100
3258,3877,4584
3259,88,3427
3261,4752,4784
3265,3039,4604
3266,842,2846
3267,1383,369
3270,832,4652
3271,968,1521
3273,4223,3768
3273,4381,4329
3274,3329,3774
3274,3952,2256
3274,4040,2728
3275,2897,4649
3277,761,1156
3278,3153,2052
3279,167,4250
3280,91,1584
3281,1014,3080
3281,2738,4085
3282,21,3331
3282,29,4701
3282,2551,4282
3283,889,4957
3283,1613,1228
3283,3182,1256
3283,4716,481
3287,901,4565
3287,2363,2393
3288,2187,4007
3289,2842,2048
3290,840,211
3290,4277,2134
3291,3058,4125
3292,2762,4191
3293,4902,4325
3294,2156,538
3295,4548,1291
3296,4094,387
3297,477,1942
3297,3934,3484
3298,1596,4674
3299,4397,4577
3300,3671,828
3301,3135,3889
3303,4039,1621
3304,218,1260
3304,317,3586
3304,3539,342
3305,571,492
3305,3046,3945
3306,4347,96
3307,2793,1396
3307,4780,1286
3310,1731,501
3310,2855,1873
3311,4038,2107
3313,3181,2118
3314,3507,467
3315,4252,4848
3315,4625,4369
3318,2188,4970
3319,1640,668
3321,4929,2471
3322,2250,2335
3322,3416,794
3325,1410,2526
3325,4253,1197
3326,1984,3809
3327,1217,145
3328,1272,3050
3329,883,3134
3331,1100,3471
3332,1130,4829
3332,2965,3231
3334,1565,3953
3334,2588,2202
3334,2909,3830
3334,3211,945
3336,2938,1480
3337,461,3573
3339,969,3780
3339,3018,3631
3340,3909,333
3340,4841,3613
3341,2872,3540
3341,4347,4739
3342,4236,2513
3343,2772,3766
3344,204,4624
3344,1194,1723
3345,4143,3384
3349,3544,1803
3350,584,1276
3350,4459,1622
3351,1688,3654
3352,1102,2024
3352,4659,2359
3353,626,4952
3353,677,4019
3354,2284,743
3355,1471,738
3356,3405,144
3356,4592,189
3358,745,3995
3360,63,2458
3360,4852,4508
3362,1854,3924
3362,2299,1977
3362,3496,3199
3362,3684,3778
3363,3059,1289
3363,4453,4068
3364,1743,42
3364,1988,2137
3364,4772,1807
3365,124,4568
3365,1874,4925
3365,3105,3679
3366,3165,1226
3366,4999,4732
3368,1305,211
3369,679,2402
3369,1754,4133
3369,2087,305
3370,1610,2222
3370,3751,2270
3375,2509,4670
3375,3966,937
3376,3455,2647
3377,2706,2467
3379,2605,567
3380,567,1273
3381,1855,3499
3383,2173,4858
3383,3842,1922
3384,2297,1734
3385,3318,339
3386,4219,2057
3387,626,70
3388,3048,3392
3389,1210,247
3389,2971,379
3390,2711,2641
3391,2690,2639
3391,4068,1570
3391,4076,2459
3396,3002,3824
3396,4003,4002
3397,3282,2545
3400,858,2456
3402,3137,3868
3403,2132,1902
3404,4238,2029
3404,4607,874
3404,4751,4247
3405,2907,1269
3405,3429,4261
3407,2186,1860
3412,2788,365
3413,303,2399
3415,224,3143
3415,2181,1546
3415,2535,44
3417,1185,2769
3418,2920,4905
3420,2857,2844
3421,1320,3342
3421,3174,4676
3422,1515,2504
3422,2485,2772
3422,4552,4428
3423,4730,3490
3424,2674,1604
3425,3532,1053
3426,2957,3742
3427,3915,1989
3427,4851,1358
3428,3727,1961
3429,2079,2138
3429,3169,1937
3429,3679,2766
3430,1111,231
3432,2428,4272
3433,2924,2169
3434,3827,3244
3436,2571,56
3439,4030,1566
3440,4341,749
3441,1667,1605
3441,3368,574
3442,1373,2812
3442,2594,4619
3444,3326,2087
3445,567,708
3445,1990,4621
3445,3126,1019
3447,2066,1118
3447,3727,182
3449,2204,3403
3453,1069,3937
3454,2395,853
3455,184,3406
3455,1332,4564
3455,2841,276
3456,4529,1044
3457,265,2020
3458,457,2470
3458,4206,4199
3459,4193,2225
3460,1677,3800
3464,407,4420
3465,2575,4730
3466,623,3317
3466,1189,1251
3468,3898,3069
3469,640,864
3469,1373,107
3472,228,4840
3473,618,2293
3475,1614,2378
3475,3717,2079
3476,3348,4143
3477,152,2842
3479,424,1012
3479,4149,4540
3480,4382,4304
3481,1257,1630
3482,442,721
3482,1041,4041
3482,3486,4522
3484,4644,4738
3489,2525,2858
3489,2686,1825
3489,3653,4974
3489,4288,1296
3489,4467,1706
3490,4309,776
3492,2440,1414
3493,4931,1288
3494,207,3774
3494,1547,2657
3494,2259,916
3496,4514,3416
3496,4916,1302
3498,4207,88
3499,2171,4478
3500,488,4034
3500,1406,61
3501,3241,2871
3502,884,2609
3503,3332,2805
3503,4983,1586
3504,1734,3183
3506,2272,1497
3509,3443,4771
3510,109,3726
3510,656,3031
3512,1980,2193
3512,3679,2156
3514,2027,686
3514,2453,2564
3514,2663,1907
3515,2916,1516
3515,4866,2150
3517,3965,2666
3518,2827,1270
3518,4280,1522
3519,3972,4677
3520,1769,2016
3521,4858,2537
3522,1995,3182
3522,2411,3257
3523,4692,471
3524,3989,668
3524,4293,2455
3525,1544,4776
3525,2738,2473
3528,3384,941
3528,4744,4475
3529,1197,458
3531,1574,2424
3532,1716,2158
3533,1309,2010
3536,2267,3571
3537,1811,1437
3539,4520,4075
3539,4805,928
3540,1194,4807
3540,3372,1188
3541,3256,2475
3542,3359,1153
3543,2801,18
3547,1636,1589
3547,4697,2534
3549,491,3115
3549,715,3872
3549,1515,337
3550,705,1740
3552,2257,1385
3552,3524,1298
3555,1354,1391
3556,4920,3360
3557,4289,3903
3558,696,3614
3558,2313,879
3558,3696,3871
3558,4827,2824
3561,2936,1623
3561,3451,903
3562,1953,1488
3563,1536,3890
3565,2041,2666
3565,3379,4212
3566,4187,4448
3569,753,620
3570,2420,1167
3570,4746,4582
3571,1456,1982
3571,3325,2458
3571,4829,4418
3572,2275,1974
3572,4494,558
3573,2692,1254
3577,934,3012
3577,1431,206
3578,225,1307
3578,4595,2965
3580,3223,3126
3580,4622,4343
3581,4854,138
3582,3142,2302
3583,1369,4685
3585,3315,4154
3586,888,1894
3587,427,4751
3587,492,1737
3588,3242,4071
3589,4809,2030
3590,2979,4254
3593,755,3043
3593,3815,3959
3596,551,216
3604,1080,862
3605,2564,2580
3606,4105,3949
3606,4116,4362
3607,1445,3999
3608,897,1580
3609,3194,4718
3612,4074,4194
3615,253,84
3617,3449,4679
3620,26,4156
3620,4549,1180
3621,180,844
3621,1083,3902
3621,1312,4086
3621,1558,3240
3621,3224,981
3625,606,1259
3626,3509,3210
3628,1191,1048
3628,2850,3600
3631,280,434
3631,3283,767
3632,1028,2485
3633,4626,327
3639,674,4389
3639,3661,820
3640,1806,3208
3640,3168,871
3641,2688,2716
3641,3420,4712
3641,4016,1664
3641,4612,232
3642,558,3926
3642,4372,2093
3645,1553,3349
3646,1115,3362
3646,2503,3332
3648,3676,1529
3649,1340,2226
3651,2007,937
3652,4952,245
3653,3573,206
3655,3027,3788
3656,498,2264
3657,3878,3971
3660,4632,4627
3662,1067,2921
3663,37,4732
3665,3436,4478
3666,1748,2528
3666,3340,3408
3666,3869,1187
3667,4715,2538
3669,4826,3285
3670,1958,231
3671,4858,3503
3672,3298,3379
3673,3702,2766
3674,3118,4872
3676,4394,112
3677,1343,87
3677,1964,4406
3677,4165,2296
3678,2390,2482
3680,437,1969
3681,3473,4427
3681,4046,4319
3682,4934,34
3683,1239,4327
3683,2267,2714
3684,3113,916
3684,3174,4811
3684,4323,344
3685,1465,3391
3685,4178,2927
3687,4103,350
3688,2726,2154
3688,3396,505
3689,41,1646
3691,2462,4593
3692,4097,2569
3694,3100,3585
3696,320,2015
3696,2399,4218
3697,1480,3238
3697,3403,2202
3699,1326,2493
3700,215,4141
3700,497,417
3701,2611,1309
3701,3851,1561
3701,4428,861
3702,1541,3638
3703,4536,1680
3707,4352,1257
3708,68,2980
3708,2625,3286
3708,3276,2417
3708,4910,3035
3709,1852,1960
3710,1349,3406
3711,3803,1904
3712,1739,1259
3713,1898,505
3714,878,105
3714,4724,318
3716,4322,4120
3717,696,4219
3717,1423,890
3718,3298,630
3718,4105,3340
3719,453,2824
3719,1742,3479
3720,492,3832
3721,2909,4634
3726,2361,3782
3726,2678,619
3730,797,1134
3733,1461,1458
3733,2106,4460
3733,2688,447
3734,3550,2170
3736,2120,3371
3737,1299,3398
3737,3258,3688
3738,4098,2934
3739,1422,2430
3739,2265,580
3742,1922,2601
3744,1536,4167
3744,4845,4350
3748,2621,709
3752,1061,2685
3756,651,1556
3757,995,4234
3757,1812,2774
3758,3128,467
3758,4938,1045
3761,2232,2986
3762,3096,3629
3763,134,3153
3763,3366,2040
3764,4093,1259
3766,1725,567
3768,2655,1911
3770,33,4045
3771,1749,2754
3774,3180,595
3774,3268,3684
3775,1909,743
3776,480,3992
3776,1863,315
3776,3019,3164
3776,3028,1097
3778,2129,1084
3780,3054,482
3781,3900,1517
3782,4046,2895
3783,4435,193
3784,1247,2261
3785,1224,3647
3785,1927,3561
3787,2213,1325
3787,3383,2191
3790,434,1374
3790,4058,3503
3792,4376,1189
3793,891,2732
3794,3365,3937
3794,4065,4543
3795,761,1650
3795,1541,723
3796,701,4781
3796,881,811
3797,4538,2618
3799,389,183
3799,1636,2023
3800,1834,50
3802,1510,367
3804,2760,3924
3805,1305,65
3806,2297,4186
3813,44,4937
3814,3392,924
3814,4745,2157
3816,270,563
3816,3440,3694
3816,4052,4668
3817,3345,2527
3821,1609,1346
3825,4388,3482
3826,3860,2854
3827,655,934
3828,392,8
3831,1392,1588
3831,2797,321
3831,4312,4788
3832,1726,80
3834,3760,1495
3834,4148,2418
3836,1798,653
3837,3439,1158
3838,1922,2064
3838,2334,3874
3838,3473,3023
3838,4347,4098
3839,217,3826
3841,2198,1848
3842,948,1742
3842,4288,4577
3843,371,659
3843,2089,277
3844,393,4402
3846,269,1190
3846,3151,718
3849,4190,3495
3849,4609,4689
3851,268,3204
3852,1695,3408
3856,2119,126
3859,1833,4794
3859,3564,1450
3860,4939,3327
3863,1763,4515
3867,1099,3637
3872,4865,87
3873,483,1575
3873,1952,29
3874,2786,4058
3874,2818,1796
3874,4378,244
3876,1617,1871
3877,1720,714
3877,2618,1135
3879,2138,1733
3879,4181,3391
3879,4734,2751
3881,3364,4836
3882,3030,3042
3883,49,316
3883,4962,2310
3884,2279,1381
3884,4443,3292
3886,135,430
3886,4205,3553
3886,4349,3057
3887,1965,4754
3888,1797,1640
3889,909,1408
3890,117,4356
3892,1044,772
3893,276,985
3893,722,4619
3893,3654,2409
3894,459,2738
3897,4372,719
3899,385,2456
3899,2026,4223
3900,967,1205
3901,349,3559
3902,1969,955
3902,2128,34
3904,1254,3868
3906,4160,1931
3907,1166,911
3907,2898,790
3908,1247,2333
3908,2661,524
3909,950,875
3909,1483,3869
3909,4680,3280
3910,2320,4618
3910,4910,3048
3911,4755,4179
3912,2286,2776
3912,2996,2734
3914,1164,4089
3914,3190,3924
3915,2522,1186
3916,1315,4488
3916,3375,1654
3917,2939,688
3917,4398,506
3918,4930,1781
3918,4930,3843
3919,304,324
3919,3251,1536
3920,4675,944
3923,1590,351
3925,1747,3322
3927,261,4861
3927,3777,1184
3928,973,2714
3928,2789,2016
3928,4474,3454
3929,664,4072
3929,1702,3521
3929,2671,947
3929,4123,4269
3930,715,1563
3930,4136,2438
3931,2252,2710
3932,591,3749
3932,4405,4678
3933,1747,4892
3933,2605,16
3934,4595,1926
3935,3136,4307
3935,4451,1554
3936,2398,1164
3937,774,3391
3937,804,2233
3938,241,4425
3939,72,4433
3939,1363,127
3939,4117,1590
3940,1372,3957
3942,2790,3087
3944,1958,690
3944,3471,1131
3945,3283,198
3946,4096,3730
3946,4478,412
3947,3040,458
3947,3435,1510
3947,3523,4342
3948,1326,2467
3949,4576,3149
3950,1797,2728
3950,3426,2721
3951,2252,430
3951,4235,1491
3952,1935,2744
3954,789,4179
3954,2792,670
3955,1176,4969
3955,3851,2388
3961,1576,4469
3962,385,2961
3962,1797,2722
3964,3474,3805
3965,3363,4734
3966,155,1149
3966,3215,2709
3968,1141,2463
3969,1230,3121
3969,4482,3543
3971,980,3448
3971,1961,3720
3973,961,2692
3976,3233,257
3977,4317,787
3978,2233,3527
3979,2101,472
3981,2738,1499
3984,1302,328
3986,941,1525
3986,2870,644
3987,1337,2376
3988,1466,3070
3988,3600,3400
3989,591,1489
3989,2966,2849
3989,4122,2686
3991,4565,4174
3992,4587,3889
3993,3822,3470
3994,889,1547
3994,3816,2720
3995,1745,4338
3995,2383,2304
3995,4205,4388
3996,2722,529
3997,809,4201
3997,2266,2745
3999,554,4673
4000,782,4741
4001,1809,3900
4002,35,1384
4004,61,4330
4004,3302,1352
4005,175,2050
4005,1715,2850
4006,666,2588
4006,1597,1985
4007,3374,1089
4009,1535,3977
4009,2974,2014
4010,1241,2146
4010,3579,478
4013,2149,1915
4013,4188,3820
4015,3152,4266
4017,1588,4418
4018,4821,536
4019,3200,68
4019,3393,3062
4019,3942,799
4019,4784,4487
4020,576,2450
4020,2277,753
4020,2471,3617
4021,3981,3705
4022,1908,260
4024,2116,1983
4026,1624,4554
4026,4932,2890
4029,4427,2854
4031,4209,1579
4036,2518,3523
4036,4730,2294
4038,3490,4662
4039,76,834
4039,670,2308
4040,4905,3489
4041,2903,3688
4044,1363,1779
4044,3518,277
4045,495,3008
4045,1147,1966
4045,3452,3496
4045,3855,122
4046,576,2013
4046,4740,2201
4047,407,1922
4048,607,2443
4048,3036,3675
4049,3990,955
4050,3110,2428
4050,3817,4398
4052,4176,1188
4052,4897,3772
4053,993,1882
4054,101,829
4054,1120,914
4056,580,4030
4057,910,2283
4057,3850,4990
4058,2652,2102
4058,4604,4242
4061,965,4187
4061,1040,2608
4061,1657,4240
4061,1861,144
4064,384,3170
4064,4461,4758
4065,2330,2865
4066,4916,4597
4067,2521,3788
4067,2806,3086
4067,4109,3311
4067,4814,2483
4072,2621,144
4072,2727,2524
4072,2982,2987
4073,1517,1385
4073,1762,3791
4073,2152,950
4074,1646,4732
4075,834,1606
4076,3802,2176
4077,3753,3839
4081,1996,4401
4081,2514,4565
4081,3805,4441
4082,1128,931
4084,4615,3135
4085,149,4358
4086,4562,4055
4087,1633,3302
4087,4017,1892
4087,4974,4188
4088,112,4599
4090,4123,2875
4092,2289,9
4093,1487,2658
4094,3140,575
4095,3083,1875
4096,238,351
4097,2483,1218
4097,2739,4583
4097,4919,2329
4098,347,4748
4098,1924,3843
4099,1573,531
4099,2116,1176
4101,1392,191
4103,2644,2468
4103,3151,3901
4104,584,4431
4104,3065,2913
4105,4987,4797
4108,3077,526
4108,4647,2313
4109,2885,458
4109,3469,3655
4110,2378,472
4110,3966,295
4111,1067,1815
4111,3106,1921
4112,1166,4280
4116,73,2199
4116,2135,674
4117,4446,962
4117,4720,1851
4119,1084,3520
4120,3266,755
4120,3617,805
4121,4748,2519
4122,135,2933
4123,2106,4552
4126,3096,377
4127,1786,1994
4127,2347,3447
4128,2212,1648
4129,2774,2124
4130,1780,665
4132,881,1231
4132,1247,4634
4134,1390,772
4134,2800,132
4134,3181,2101
4134,4702,3913
4135,2335,4242
4135,2799,1368
4137,1105,3587
4138,2591,992
4140,4186,1717
4141,290,911
4141,2591,3047
4142,1865,377
4142,1984,3099
4142,3176,3107
4142,4817,3297
4142,4890,3172
4143,654,181
4144,501,1248
4145,637,3215
4145,2663,88
4145,2858,272
4146,835,1509
4148,129,3848
4148,4366,2054
4149,914,3629
4151,2509,764
4151,3079,1612
4152,2188,293
4154,1458,4784
4154,2728,2178
4154,3315,4962
4154,3500,3676
4154,3695,3861
4154,4400,2896
4155,671,2478
4155,1032,3193
4155,3280,1539
4156,4142,566
4157,727,3787
4159,200,3703
4159,2185,1731
4159,2511,1856
4160,3939,2588
4162,2893,3990
4162,4304,4406
4164,2556,4067
4165,4589,4738
4166,4851,737
4168,1104,908
4168,4499,4007
4169,841,431
4169,4332,980
4171,838,1102
4171,1047,2286
4171,1541,4032
4171,1747,2311
4172,3848,2034
4173,2917,39
4175,2689,2790
4175,3496,1138
4176,227,440
4176,4763,894
4177,81,4866
4178,3404,876
4179,948,4570
4179,1639,4582
4180,1655,1102
4181,2152,1267
4183,1812,1141
4184,2795,2333
4186,2199,3517
4186,3213,4724
4187,4594,1502
4188,1081,2784
4188,4039,1151
4190,1401,1124
4190,4519,702
4190,4908,1333
4192,4474,31
4193,1361,3707
4193,2782,2079
4194,4783,1613
4195,757,448
4196,4152,2254
4198,2028,999
4198,3085,4962
4199,1759,1568
4202,4648,3203
4203,3824,1224
4203,4544,280
4203,4736,2551
4204,864,3229
4204,1888,2901
4204,4184,1143
4205,708,1931
4205,4939,3972
4206,3551,1486
4206,4043,776
4208,1215,770
4208,1331,1575
4208,1875,4317
4208,4590,746
4209,4499,2153
4209,4829,2055
4210,100,2173
4210,2967,3134
4211,7,1935
4211,2697,3445
4212,887,2777
4212,1650,29
4213,2835,4263
4215,3331,2360
4216,126,2622
4217,1283,580
4220,1082,2709
4220,3254,4747
4221,3439,1242
4221,3981,231
4223,4968,1383
4224,356,3898
4225,3894,2908
4227,113,758
4229,1814,727
4230,704,1201
4230,712,2975
4231,4123,4263
4231,4616,1078
4231,4623,258
4232,2158,393
4233,2732,1478
4235,3684,1962
4238,2182,2050
4238,2992,52
4246,2592,3046
4246,3320,922
4247,239,2022
4247,690,420
4248,1184,4084
4248,2099,2586
4248,4684,903
4249,240,4702
4249,3879,2652
4250,353,1093
4250,1049,3799
4250,4281,4875
4251,4332,2799
4251,4536,2445
4253,235,672
4254,239,1850
4254,2641,531
4254,3321,3669
4255,693,1427
4256,4565,1927
4257,2760,4269
4258,47,857
4259,4507,1246
4260,1806,4278
4262,4765,1463
4263,4444,2454
4264,267,3943
4264,2280,1454
4264,3014,4492
4265,4972,3511
4266,3592,3277
4266,4741,3939
4271,1139,647
4271,2393,2609
4271,3761,2112
4271,3987,128
4274,731,4714
4274,2558,3273
4274,4324,2836
4275,2226,316
4278,1961,2293
4279,3934,3623
4280,1526,1436
4280,3202,3389
4280,4465,2913
4281,1572,710
4281,1914,4792
4281,2440,3654
4281,4837,1661
4284,470,1520
4285,115,1627
4286,2441,4734
4287,664,4948
4287,2348,3528
4287,4636,267
4287,4894,1548
4288,1635,3654
4289,2436,52
4290,964,567
4290,3976,2686
4291,2468,4436
4292,3876,3730
4293,2041,1248
4294,3492,642
4294,4026,220
4294,4638,2069
4295,2177,3519
4295,2418,4398
4295,3952,4338
4295,4543,4714
4298,1705,3423
4299,4841,4841
4300,350,386
4301,552,819
4303,1092,691
4303,2521,2784
4303,3819,4659
4304,4219,3244
4305,4251,4188
4306,2389,3384
4307,3476,1423
4308,2339,3283
4309,1237,3853
4309,4530,2524
4311,1442,3558
4311,2910,1655
4311,4841,2798
4313,4049,3432
4314,867,1583
4315,1264,3572
4315,2511,913
4315,3877,4854
4316,260,933
4316,494,74
4316,983,1134
4316,4755,3487
4317,4184,2729
4317,4544,3827
4319,4730,1322
4320,3506,243
4321,3551,3394
4322,1904,1221
4322,2984,4518
4323,2626,3587
4325,3172,3694
4326,1504,125
4328,3605,4644
4329,1904,453
4330,2104,78
4331,4940,298
4332,2073,314
4333,4281,2887
4334,1267,1365
4334,3536,256
4335,202,2129
4335,2038,4664
4336,4047,4999
4336,4224,890
4338,3109,3841
4341,4856,4169
4342,676,104
4342,2200,4016
4343,1216,953
4343,1883,4103
4343,2901,1794
4344,146,1523
4345,4586,642
4346,1223,2284
4347,4024,1275
4348,4419,1674
4349,766,2742
4351,3048,4774
4351,3708,3506
4352,78,2864
4355,2402,3853
4355,3251,1422
4360,4840,364
4360,4945,34
4361,1589,4398
4361,4662,211
4362,75,3675
4363,928,2504
4363,3927,2105
4364,1823,3104
4364,3190,4761
4366,2519,3531
4367,512,3961
4367,1824,3424
4368,137,4450
4368,1981,1123
4369,3776,669
4371,60,2831
4371,1215,4482
4371,3763,4729
4373,520,252
4374,2245,584
4374,4917,2596
4375,349,105
4377,692,2240
4378,4734,1190
4380,631,1960
4380,4618,2164
4383,3896,107
4385,1938,4018
4386,2766,4204
4387,565,4078
4388,4289,3918
4389,3847,33
4391,2226,49
4391,4188,538
4392,70,3982
4392,3588,2541
4392,4550,4507
4392,4917,1154
4393,3395,2017
4394,389,4990
4394,1796,3914
4395,1073,2291
4396,602,1540
4398,1712,2855
4398,1793,2101
4399,3103,246
4399,3411,2817
4400,3008,525
4401,2646,1465
4403,1517,2769
4403,3225,808
4403,4111,3931
4404,666,4709
4404,1209,2063
4405,4444,460
4407,810,1588
4407,1063,4607
4410,3449,551
4411,561,3253
4412,3079,3713
4412,3557,3641
4413,2802,3238
4413,4570,3790
4413,4742,1539
4415,2006,4606
4417,3142,3118
4418,818,2274
4418,862,1595
4420,922,3506
4420,2043,2147
4420,2271,3037
4422,3449,2391
4422,4220,832
4424,2587,4871
4424,3465,4751
4424,3859,1726
4425,649,3952
4425,3205,4424
4426,887,4271
4426,2671,3585
4426,3127,1139
4427,1109,529
4427,1826,3038
4427,2250,3374
4427,3804,3574
4428,4455,1658
4429,1008,2618
4429,3688,927
4431,2716,1894
4434,2001,1730
4434,4952,811
4435,2867,3011
4435,4320,2002
4436,918,660
4438,4040,3024
4440,4993,1391
4441,3081,2
4443,3260,404
4444,799,3702
4445,3644,3469
4446,1000,1990
4446,1510,4674
4447,409,1678
4448,3222,3202
4449,3970,4157
4449,4277,275
4449,4729,2806
4450,4589,635
4451,3780,1353
4452,3828,3661
4453,3550,4006
4454,2309,249
4456,375,232
4456,2098,2697
4457,2383,1432
4458,105,4025
4458,935,1804
4459,2187,301
4460,673,4185
4461,3231,1256
4462,256,3698
4462,2065,1331
4463,2978,4198
4464,2230,2764
4464,4972,314
4466,1067,4786
4466,4477,880
4468,3341,4400
4468,3385,4268
4468,4412,3316
4469,2033,964
4469,3712,288
4470,166,67
4470,1232,2557
4471,192,4314
4471,3853,4413
4472,1487,98
4473,2743,3451
4473,3235,4432
4474,4188,1013
4476,338,1365
4478,196,4042
4479,1741,1228
4479,3323,466
4481,2363,3379
4485,110,864
4485,3248,4309
4486,783,1967
4487,3617,4454
4490,1215,1990
4490,2446,134
4492,4082,4088
4493,1134,1999
4494,248,4081
4496,1745,226
4496,2714,1207
4498,1641,840
4498,1705,4690
4499,1575,2818
4499,3726,3897
4500,565,4379
4500,1733,1391
4501,2586,1776
4502,3600,3498
4503,1468,4301
4504,1257,4173
4504,1806,4475
4504,3412,45
4505,3535,1738
4505,4333,1939
4506,809,1903
4507,2592,1983
4507,4044,166
4508,1679,41
4508,2533,1214
4508,3361,521
4511,2321,3922
4512,2112,2968
4513,2373,1891
4513,4565,965
4516,2576,2468
4517,1679,903
4517,2846,858
4521,1694,3972
4521,3725,3250
4521,4986,1424
4523,3795,4076
4524,357,541
4524,4888,4408
4525,116,2576
4525,1865,4
4526,2325,4575
4526,2396,3381
4527,3718,3168
4528,3744,3945
4529,3017,150
4530,1474,238
4530,4029,1772
4531,3812,3409
4534,4506,4507
4534,4910,62
4535,2718,4196
4536,160,4827
4536,4401,3764
4539,2212,3361
4540,4941,2979
4541,1960,3128
4542,3870,1103
4543,1817,1579
4544,1165,1131
4544,1840,4937
4546,3965,3653
4547,1230,1200
4547,2454,2567
4547,4177,3565
4550,3563,2740
4550,4928,4020
4551,2037,714
4551,3947,20
4553,627,2636
4553,3703,3661
4554,2103,4857
4555,2065,185
4555,4677,1940
4556,1669,1631
4557,62,4463
4557,2497,152
4557,4335,1302
4560,1981,2930
4561,4975,41
4563,1805,3755
4565,2342,932
4566,2272,4783
4567,1077,3484
4567,3303,2636
4567,4094,2220
4569,4055,4065
4570,4700,248
4571,3830,1251
4572,2040,3072
4572,4497,3906
4573,2224,1524
4574,1281,3834
4575,3216,3453
4577,2975,741
4579,1927,3761
4579,2860,2072
4581,2191,710
4582,4402,3279
4582,4568,2611
4583,4220,3376
4584,848,3450
4584,2505,3697
4586,1969,4769
4588,3690,3888
4589,4659,1602
4590,4008,788
4591,2869,2817
4592,2353,3679
4592,4424,1859
4594,3187,1638
4594,3972,175
4595,1572,1627
4605,2911,2750
4606,2059,181
4606,2585,3236
4608,4122,60
4610,3715,1999
4611,750,3138
4613,417,1766
4613,1741,4913
4613,3686,2367
4615,372,3695
4615,1579,4738
4615,4725,702
4617,4472,3540
4619,2937,4288
4621,4729,2236
4622,2717,3337
4624,2260,1017
4625,53,3043
4625,3669,4544
4627,131,2967
4627,2559,2677
4627,3264,3290
4628,1437,4165
4630,896,208
4631,513,3430
4632,1441,1020
4634,1727,1525
4636,2248,1300
4636,4333,1721
4637,759,136
4637,3762,3824
4638,2205,914
4640,192,659
4644,35,2015
4645,388,934
4645,2238,3401
4647,4147,4322
4649,1112,1180
4650,3817,4170
4651,1473,3588
4651,4091,3844
4651,4170,1473
4651,4826,1470
4652,2208,2372
4652,4410,1891
4653,1569,1351
4653,2113,4259
4654,3813,1211
4658,934,3299
4659,830,1112
4661,2445,3479
4662,952,150
4662,2865,3946
4663,919,1713
4665,3454,1969
4666,312,1594
4666,2643,3841
4667,2553,1113
4668,949,2887
4670,224,2178
4671,2192,3286
4673,1081,2223
4675,970,4530
4675,4415,3166
4677,196,843
4681,2641,1453
4683,2468,3748
4683,4675,1453
4684,822,3192
4684,1159,287
4684,3858,3925
4685,327,1117
4685,1012,2506
4685,1716,4098
4686,268,4470
4686,1208,3166
4686,2019,53
4686,3646,4385
4687,3032,4350
4689,2269,3807
4690,62,1634
4690,4743,4218
4691,1047,2711
4691,2015,4763
4691,2512,3410
4693,366,1462
4695,4971,1980
4699,4151,2603
4704,1063,4429
4705,3053,4200
4707,101,4607
4708,3555,4498
4709,4064,2606
4713,4622,4565
4714,1228,4687
4714,3301,389
4717,3330,4655
4717,3941,2426
4718,3252,305
4718,3710,4082
4721,4508,3315
4722,319,4621
4724,507,760
4724,2305,3486
4724,2487,3810
4724,2942,2291
4724,4380,3525
4725,319,3382
4725,3224,1687
4726,3285,3564
4727,3077,3935
4727,3439,1139
4727,4673,643
4728,3768,4503
4729,251,194
4729,3465,3644
4730,873,4257
4730,1735,1512
4730,4240,4489
4731,4490,3954
4733,754,4064
4733,2505,2213
4733,3257,4192
4735,3972,1799
4736,2397,3055
4736,2443,4572
4736,2604,4895
4737,69,748
4738,2331,947
4738,4360,1912
4740,839,1988
4740,1828,4479
4740,2767,4669
4741,4569,3024
4742,17,2392
4743,2938,3583
4743,4551,254
4744,293,1370
4745,4909,3582
4746,4692,1943
4751,1240,3635
4751,3911,242
4754,3329,274
4755,46,4912
4757,885,1583
4758,249,4737
4761,4077,3658
4762,4657,2391
4763,2669,3057
4763,4503,4828
4764,1627,2382
4764,2813,3326
4764,3777,3405
4767,2548,1284
4767,4078,2484
4767,4340,4125
4770,4454,1585
4771,3388,173
4771,3582,1534
4772,1488,3574
4772,3047,756
4773,2554,80
4774,1766,2144
4778,4767,3392
4778,4987,1728
4779,3134,4369
4780,1926,2164
4781,1335,2117
4781,4260,3979
4784,2251,1456
4785,695,475
4788,751,3039
4789,341,4824
4789,971,1090
4789,1090,574
4791,2065,1557
4792,2981,2513
4793,3210,826
4794,849,2078
4794,4997,798
4795,493,1293
4795,889,2659
4796,4747,1342
4797,2461,625
4797,2929,3703
4798,1479,2277
4800,1329,2922
4801,3228,4594
4801,4442,4629
4802,776,1157
4802,4846,3628
4804,1697,2394
4804,1701,1034
4804,4207,899
4805,747,3471
4806,1880,4900
4806,4040,4521
4807,3547,2608
4807,4292,3031
4809,726,3947
4810,1667,2190
4810,2914,1808
4810,4917,2567
4812,1421,2954
4813,3731,3255
4814,45,4625
4814,2576,1386
4814,4244,1810
4815,1430,3679
4816,2421,1085
4817,471,2400
4817,2589,4351
4817,3860,873
4818,156,773
4818,1139,3103
4818,1656,2880
4819,1155,3431
4819,2952,4506
4820,2816,4370
4820,4368,663
4822,2198,3411
4823,734,27
4823,1031,4260
4824,2200,2469
4824,4908,444
4828,3287,3469
4829,325,452
4829,724,782
4831,497,1921
4832,1240,1330
4832,1251,3903
4834,529,1724
4834,1444,2934
4834,3868,4629
4835,4114,3259
4836,1451,1785
4837,2028,1534
4839,4166,1632
4840,4,4571
4840,1408,4170
4842,2784,4289
4842,3888,3660
4844,44,613
4845,538,266
4847,3981,3065
4848,2828,229
4849,4656,2718
4850,4583,1248
4851,2585,3396
4852,4671,2121
4853,676,1619
4853,1841,185
4856,4075,566
4858,1042,3123
4858,1582,3188
4859,753,1638
4859,3192,539
4860,56,645
4860,538,1781
4860,1335,3813
4860,1989,242
4862,561,1671
4865,1119,2126
4866,1411,698
4866,3675,2141
4867,3776,4216
4867,3786,1643
4868,1307,3024
4868,3103,1645
4868,3308,4553
4869,3307,1648
4870,742,1775
4870,2222,4585
4870,2231,1904
4870,4198,3380
4872,1743,288
4874,1767,3884
4874,2991,132
4876,3278,2053
4876,4339,2047
4877,2925,1346
4877,3407,2589
4878,1145,4195
4878,4210,4816
4881,3069,106
4881,3884,2714
4883,508,4855
4884,723,3157
4885,3653,79
4886,4925,1718
4887,1643,1098
4892,2068,2098
4894,4125,4716
4896,1210,4553
4896,3183,1905
4898,1523,2431
4898,2009,1908
4899,501,1984
4900,1595,3120
4902,3480,1283
4902,4705,3072
4902,4793,4864
4903,2045,343
4904,2061,1543
4904,4190,2049
4904,4926,1588
4906,914,4580
4906,1405,4882
4909,3078,137
4910,1868,515
4911,3346,4320
4912,2638,3776
4912,2676,1114
4913,2641,2054
4914,4254,3487
4915,2152,4129
4915,3326,1314
4915,4819,4
4916,3813,3836
4917,4741,3519
4918,2771,1457
4919,3072,395
4920,1571,2619
4921,919,1370
4922,515,3522
4922,697,981
4922,4014,4073
4928,599,2039
4929,2014,2004
4930,3409,3461
4930,3873,3775
4931,2224,397
4932,1558,2143
4933,4910,4089
4934,2086,4327
4935,751,2044
4935,3142,494
4936,3464,3464
4937,2435,2529
4941,4117,1403
4942,3548,3268
4943,4338,1586
4946,120,4253
4946,195,3197
4947,2358,145
4947,2639,1716
4949,4815,2887
4950,926,3290
4951,4998,2075
4953,3354,686
4953,3831,4272
4955,2601,646
4956,877,789
4956,1402,3556
4956,1827,624
4957,3976,675
4958,2954,3065
4958,3809,850
4959,520,2934
4960,2226,1440
4961,3701,1725
4962,827,4981
4965,3680,3717
4967,774,2409
4967,1091,3741
4967,2798,2530
4967,3548,848
4969,971,4484
4969,3548,661
4969,4040,2710
4970,272,834
4971,2777,3126
4971,3931,3822
4973,3050,2993
4974,4077,3903
4977,918,2248
4977,3161,1699
4977,3992,1317
4978,850,2094
4979,2248,3179
4981,55,2108
4981,2618,4508
4983,146,4713
4983,2735,3564
4984,965,3506
4984,2838,4844
4984,4692,1827
4986,343,158
4986,4631,644
4988,2972,3630
4990,2442,1280
4990,3751,64
4991,756,2725
4991,775,1616
4991,1294,3496
4991,3373,4724
4992,3182,1597
4992,4362,185
4993,3900,4283
4993,4056,4715
4993,4578,622
4996,4117,1290
4997,2511,4119
4997,4572,879
4997,4985,4625
4998,3414,3274
4998,4969,3571
4999,1640,3976
4999,3780,4773
4999,4884,686
