5311
5317
6597
4226
5954
1410
5574
5593
2389
5569
2460
7123
7580
7408
9776
704
9259
9462
3558
4911
230
81
8338
6490
6189
9561
7993
1871
6943
6193
1381
7294
9818
1943
4521
2491
2588
5881
8910
9228
8637
671
8573
257
7054
8005
9386
8857
4461
7029
1694
9426
282
2744
6666
4190
6266
5772
6199
7663
5846
168
1995
3792
1979
4423
7044
2450
8231
7325
5735
5300
5970
7115
1173
4428
4801
9758
276
6742
721
4522
6146
8829
9521
3021
7929
4696
2211
7703
9215
3344
8198
715
3115
4789
5823
316
2882
7508
2254
4878
2148
3834
7772
8542
9160
4658
6546
1317
3251
3476
7155
2874
2914
7045
3402
4886
506
4199
6806
1476
5312
3891
4848
9142
7510
1421
2504
1295
705
3670
6329
7554
1752
4033
5304
5492
5009
544
3594
2874
4050
5590
279
1885
9476
4506
5635
258
237
3258
3895
4269
7455
108
6343
6850
1120
4242
8006
9569
2083
9018
6084
6935
5104
3465
9583
68
2619
9722
3738
9890
4208
2127
3256
5218
3430
4098
6219
9522
1899
2862
3715
538
1499
8616
2694
3645
5015
260
9722
3738
5049
6627
8288
4616
907
1926
2081
1656
51
9949
9275
9861
4631
3271
965
2987
6813
4143
4906
9545
9158
839
2994
3931
5427
6379
8301
1509
7279
7874
3195
5533
9625
9931
1942
7851
6389
3375
5478
7909
8329
1708
7877
4187
6129
4599
5070
8235
2186
4560
8529
2787
6544
6392
1621
5915
7232
759
259
9455
7679
5005
3743
5336
8177
5247
2525
4853
1179
5894
6791
1635
6620
9599
6145
1428
7238
9054
6153
5765
9160
929
2298
5576
5084
1695
6831
9512
6553
2910
3624
9945
1485
4358
3310
4107
1935
6747
7907
6265
6640
2994
4148
9962
2873
5524
2714
3847
2055
6186
612
4948
6084
7612
8533
128
3312
1714
3321
8039
8829
4763
6530
8438
2764
3985
9159
2782
4817
8455
3005
5732
5043
6089
2168
2370
9091
3437
580
2975
9516
303
2513
6882
437
7669
1927
6789
7770
1141
7195
2843
731
362
5069
7468
1704
3119
8897
2923
1421
6138
6256
7176
3622
3897
1296
6191
9026
1658
1756
4308
5017
9511
1629
6148
9925
3319
702
2245
4797
1751
3371
3643
5077
7328
9354
9465
1209
3843
6711
1503
1756
8116
4038
4563
5184
3193
1363
2377
7649
777
2918
3640
3779
3783
4378
682
6408
4138
2404
7069
9550
2092
1463
605
9460
3940
6982
8085
6921
370
9829
220
6251
198
7965
8953
9901
6688
8120
1804
1533
2746
380
5468
9945
3887
3305
3663
8027
9808
9005
5979
6257
3326
7382
3498
8263
3269
526
8416
8630
4901
6682
2891
3313
4353
8019
2025
6141
3735
4782
4387
3621
6520
8860
1850
6087
802
3131
6755
7673
8776
9737
6666
7938
9230
1607
1696
9462
8735
5218
6380
2736
3010
5249
3297
3608
7394
4993
7627
7609
1988
162
5553
2414
5173
3835
5394
3994
6652
1603
2727
2455
4478
4874
6171
4511
6479
3388
3672
4440
8268
5040
8239
1940
5229
9810
1222
5002
6363
2390
5184
7349
2815
8761
16
4680
2332
2423
3643
4860
768
1223
1715
5466
6919
8239
1626
6476
8416
8864
9166
5217
8767
4129
1741
1809
3230
3428
4034
3458
9792
957
5045
9886
315
3101
7101
7455
8705
4009
1658
8233
2651
3308
1789
2829
9032
4425
4461
6511
28
2191
8049
5397
6518
7056
9155
4390
8301
8141
9290
2756
4281
4339
3492
4514
4137
3317
3917
9299
9857
8431
9293
8113
8728
4277
4613
602
1533
2652
7755
7879
9833
9501
9368
302
5906
437
3963
9321
849
1762
4954
6491
6799
8815
5627
1443
6979
8767
1883
9417
5033
3797
9744
1793
9071
9378
7108
7522
3503
6832
6018
8761
4534
1373
2457
2678
7193
2434
7113
8453
3040
5534
6698
7827
1755
5681
3332
1993
3925
7183
6188
6796
2617
3726
1640
528
5524
9006
4068
5530
230
7563
481
7623
1195
4188
8508
4311
4387
4853
428
977
1717
3221
6606
616
1108
1898
2407
6922
122
132
1273
9577
6831
7144
1197
7129
655
6453
6956
9360
1781
9940
9913
3685
4485
4893
7111
7370
562
1938
8179
813
5397
5293
6946
1717
4266
4411
5571
6776
13
4795
4154
8375
6187
9230
3070
9277
898
7824
1191
2079
9455
8183
281
7454
5896
9607
2457
7600
472
5166
3031
3208
6217
3333
3708
297
7087
7181
9581
6057
922
4505
4006
9290
7430
6322
9285
5843
1189
4780
5857
6564
9785
4239
5580
6340
33
2428
5917
5346
9756
8041
9075
249
1491
2469
7159
1461
1837
2606
7039
3824
4999
6360
5619
2369
8235
1347
2577
2752
3654
5115
3424
8218
3814
1924
8296
5286
1921
3551
2420
2813
3414
2441
8019
1570
7095
7139
8421
8547
9776
1204
1902
5636
357
7132
5542
8816
1098
7528
6245
7279
9646
6817
5347
5066
330
5838
1639
7773
1403
2574
8654
1978
6222
7935
6528
7454
2430
2446
460
2932
7471
1634
2110
2290
4550
5242
2063
8518
1966
3238
6316
5851
3814
90
1245
5042
485
957
6988
4886
7119
4220
5441
8105
3330
249
466
6934
2703
4140
5609
394
8952
9583
1067
908
5157
174
3343
6519
2059
2983
235
1755
9385
1865
4072
7535
3454
2123
575
6107
6390
9641
4483
9185
5045
9558
7660
2657
2496
9795
3245
3292
8481
4387
8781
9495
5169
1320
7222
9616
3945
4169
5284
2212
4480
5772
4806
6572
6618
7133
8134
1355
5884
8946
2330
2381
4480
8465
8816
442
1906
8415
9150
9028
90
2228
4996
5032
7854
2893
6157
1123
4505
181
9368
1907
9524
1490
3836
3923
278
8499
4432
2711
9298
4633
7096
1182
3154
2076
5473
679
1876
4277
7138
811
8034
4693
2578
6529
3293
6724
5378
8500
3380
1463
8531
3842
9548
8138
6635
9390
2040
5944
1959
1392
5892
6720
1567
8743
924
9654
4045
7078
9268
9702
8661
