60,436,474,1335,3,60,303,2166,60,2348,2153,2894
60,436,474,1335,3,60,303,2175,60,2756,1951,1951
60,360,314,1335,3,60,303,2166,60,2348,2153,2894
60,360,314,1335,3,60,303,2175,60,2756,1951,1951
60,557,451,1335,3,60,303,2166,60,2348,2153,2894
60,557,451,1335,3,60,303,2175,60,2756,1951,1951
60,914,435,1335,3,60,303,2166,60,2348,2153,2894
60,914,435,1335,3,60,303,2175,60,2756,1951,1951
60,317,716,1335,3,60,303,2166,60,2348,2153,2894
60,317,716,1335,3,60,303,2175,60,2756,1951,1951
714,164,970,189,3,714,1075,705,714,195,702,2590
714,164,970,189,3,714,1075,2792,714,1910,2967,2351
